1000
512
289
598
196
338
569
442
67
248
314
556
125
204
245
115
324
73
158
448
438
11
410
510
27
105
256
428
37
291
138
328
372
579
176
423
100
521
468
512
158
597
463
151
147
90
46
515
152
514
215
114
34
409
153
582
488
79
479
555
161
304
137
161
391
423
435
3
308
30
226
274
342
269
276
287
544
76
305
139
533
564
67
322
586
52
364
333
341
472
476
7
151
430
43
545
568
589
463
437
181
465
115
419
299
51
21
71
62
148
304
419
472
377
196
58
340
421
370
492
230
53
456
34
139
108
444
172
227
535
591
297
116
272
275
154
498
448
431
63
258
530
522
529
489
72
152
501
501
57
505
282
111
208
527
554
575
244
450
575
497
40
317
154
600
33
226
288
573
169
583
131
480
587
525
0
167
185
191
428
214
447
222
476
103
45
40
529
469
494
63
260
239
368
71
209
413
250
541
37
596
130
141
528
137
502
360
277
581
149
51
272
539
23
415
100
137
148
491
87
596
375
64
392
456
376
519
167
532
307
41
563
598
286
578
561
207
540
568
308
570
233
50
52
505
248
69
511
234
336
134
517
317
355
299
513
544
237
399
123
44
545
591
501
125
456
19
518
563
400
150
531
572
275
589
440
141
579
133
310
146
215
222
578
460
301
245
94
166
533
474
276
140
441
231
426
368
120
66
487
53
582
198
263
425
469
148
398
581
569
315
78
301
432
476
405
206
448
314
505
427
246
596
102
94
137
498
85
418
433
173
470
120
133
559
10
527
292
62
568
305
218
404
498
386
5
249
536
189
287
320
129
580
271
558
404
185
552
488
10
207
572
50
203
241
285
312
372
543
569
545
294
553
287
537
168
429
369
499
75
188
213
269
17
122
285
171
571
568
565
388
431
227
360
260
73
360
416
459
596
329
589
347
473
216
136
463
360
392
162
442
299
366
42
330
209
505
19
48
349
114
4
393
202
184
431
521
476
403
399
364
64
304
409
392
575
361
67
292
476
373
131
183
16
292
122
15
177
281
500
101
164
235
214
331
289
186
479
388
57
251
491
596
160
171
291
96
63
58
343
409
436
172
166
487
15
224
455
561
101
396
38
351
575
301
570
120
269
52
264
0
534
526
367
304
186
526
44
357
87
600
383
157
324
427
139
413
568
22
395
286
116
279
538
347
103
206
423
187
416
441
588
493
364
589
45
246
169
170
275
31
3
442
178
248
333
143
472
398
47
282
287
281
406
290
453
436
131
25
411
453
35
272
522
276
504
168
571
312
449
479
507
348
112
522
353
211
169
305
600
477
596
221
65
330
180
418
396
430
505
154
325
30
96
111
92
18
357
213
530
16
502
408
355
375
234
19
296
426
452
327
251
579
47
376
109
532
208
37
528
402
507
204
8
523
490
2
397
409
478
203
101
590
153
365
504
309
302
145
9
486
458
364
436
356
556
45
447
216
293
312
121
318
68
473
292
98
560
505
92
290
295
368
143
163
483
307
329
475
410
488
289
293
216
333
588
356
162
64
528
558
422
495
70
388
423
598
594
370
147
378
486
229
550
534
67
262
484
124
548
295
77
447
163
597
390
377
439
136
291
192
387
547
464
403
158
566
118
132
471
156
170
463
245
136
383
464
564
473
211
155
574
151
562
308
419
477
67
461
7
151
48
277
90
229
216
394
100
191
490
491
287
500
404
453
20
526
200
176
140
151
500
24
529
44
259
126
231
299
466
148
169
72
300
437
238
385
385
135
53
338
49
578
423
256
154
237
540
317
425
275
350
487
283
197
397
557
92
323
60
260
53
58
132
163
538
286
372
208
333
399
399
422
18
152
437
25
66
254
435
355
428
256
453
195
478
429
165
446
464
517
164
588
142
75
382
413
411
244
367
185
193
214
93
369
324
300
479
178
276
128
456
281
595
99
136
568
149
468
358
206
463
26
53
304
88
176
190
536
339
541
281
102
327
562
539
210
219
343
87
311
495
571
534
125
207
434
559
566
418
345
251
194
160
139
283
468
583
130
17
187
103
1
456
341
234
302
507
580
364
338
94
19
122
442
165
576
103
171
47
185
557
186
135
212
239
400
245
100
273
550
410
409
317
302
351
3
243
230
111
528
463
509
284
402
141
297
180
42
49
154
441
381
454
147
377
445
8
115
347
567
178
324
346
551
189
160
56
447
271
545
187
225
355
552
450
93
226
484
149
174
217
51
540
363
327
78
472
212
462
275
117
397
88
136
531
198
405
384
225
165
54
524
352
552
36
268
599
361
404
237
