1000
0
0
1
2
3
3
3
4
5
7
7
8
8
9
10
10
11
15
15
16
16
17
17
18
18
19
19
19
19
20
21
22
23
24
25
25
26
514
27
30
463
151
30
31
33
34
152
34
35
36
37
79
488
37
37
38
40
40
41
42
42
43
44
44
44
45
45
45
151
430
46
47
47
47
48
48
49
49
50
50
51
51
586
52
364
333
51
52
52
53
53
53
53
53
568
589
463
437
54
56
57
57
299
58
58
58
60
62
62
196
472
377
213
63
63
63
64
64
64
65
66
66
67
67
67
600
67
154
498
308
176
258
275
530
226
448
431
522
529
274
423
73
116
227
272
297
535
391
591
423
372
435
579
324
67
68
69
70
415
71
71
72
72
73
75
75
573
169
583
131
480
587
525
315
527
554
76
77
78
78
222
476
103
85
87
529
469
494
87
87
239
368
88
209
413
250
541
88
90
214
447
476
90
92
92
92
581
149
93
272
539
93
94
100
137
148
94
94
96
96
98
99
456
376
519
167
532
307
100
563
100
152
166
501
269
533
489
342
100
101
101
101
102
102
103
511
103
103
137
502
115
123
237
277
544
360
399
419
114
545
591
501
125
456
130
518
563
400
150
531
572
275
589
440
141
579
133
310
146
215
222
578
460
301
245
140
141
276
474
596
181
441
231
426
463
528
465
487
215
105
134
517
108
109
111
111
581
569
425
469
111
112
114
129
234
336
139
137
233
570
596
230
161
173
248
418
433
505
456
470
304
138
292
299
527
513
172
568
305
218
404
498
386
189
249
536
287
317
320
355
444
161
328
115
115
116
117
118
207
572
120
203
241
285
312
372
543
569
545
294
553
287
537
168
429
369
499
120
188
234
375
120
122
285
171
571
568
565
388
431
227
360
260
121
360
416
459
596
329
589
347
473
216
136
122
360
392
162
442
299
366
122
330
209
505
124
125
349
125
126
393
202
184
431
521
476
403
399
364
128
304
409
392
575
130
131
292
476
131
132
132
162
292
356
133
135
281
500
135
164
235
214
331
289
186
479
388
136
251
491
596
160
136
136
136
295
137
139
139
206
314
448
450
505
575
139
140
141
396
142
351
575
301
570
143
269
143
264
145
534
526
367
304
186
526
147
357
157
600
383
271
324
427
413
568
580
167
395
286
168
279
538
347
169
206
423
187
416
441
588
493
364
589
169
246
170
178
275
185
248
442
333
404
558
185
472
398
281
282
287
290
406
436
453
552
191
211
411
453
221
272
522
276
504
305
571
312
449
479
507
348
341
522
353
564
488
428
600
477
596
472
147
330
180
418
396
430
505
154
325
147
361
491
148
148
357
213
530
204
502
148
149
149
151
151
296
426
452
327
251
151
152
153
153
154
498
154
528
402
507
154
155
156
158
203
397
409
478
246
312
590
317
427
497
533
564
158
163
376
198
364
436
356
556
208
447
216
293
216
318
532
263
473
292
290
560
505
355
408
368
368
501
276
483
307
329
475
410
488
289
293
282
333
588
579
582
505
287
558
422
495
370
388
423
598
594
521
158
378
486
229
550
534
160
262
484
160
548
295
163
447
163
597
390
377
439
164
291
192
387
547
464
403
165
566
165
165
471
166
170
463
245
169
383
464
171
473
211
171
574
172
562
308
419
477
174
461
176
176
277
341
177
229
216
394
178
191
490
491
287
500
404
453
178
526
200
180
183
185
500
185
529
186
259
187
231
299
466
187
189
190
300
193
194
385
385
195
197
338
208
578
423
256
237
275
540
317
425
283
350
487
323
397
490
557
523
398
208
260
214
286
333
372
538
399
399
458
486
405
422
476
244
244
437
254
256
300
435
355
428
365
453
429
478
504
301
446
464
517
302
588
309
367
382
413
411
432
575
305
324
369
544
468
512
448
479
248
276
196
456
281
595
198
206
568
207
468
358
210
463
219
251
304
409
256
281
536
339
541
327
343
345
562
539
373
375
596
304
311
495
571
534
392
418
434
559
566
419
582
428
204
207
212
283
468
583
212
217
346
224
225
456
225
234
302
507
580
364
338
226
226
230
442
237
576
238
239
243
245
557
273
284
286
400
463
528
291
297
550
410
409
317
302
351
561
308
324
598
340
343
509
347
402
487
540
370
377
381
441
409
454
436
445
561
578
421
551
455
567
479
568
492
555
291
245
271
447
437
545
269
260
355
552
450
268
275
484
528
559
288
322
540
363
327
472
597
438
462
314
384
397
405
410
531
545
515
510
556
338
289
524
352
552
361
404
599
442
569
598
512
