1000
0
0
2
2
2
3
3
3
3
3
4
5
5
5
6
6
6
7
7
8
8
8
10
11
11
12
12
12
13
13
14
15
16
17
17
17
18
18
19
19
20
20
21
22
22
22
22
22
22
23
25
26
26
27
29
30
30
30
31
32
33
33
34
35
35
35
37
37
37
37
38
39
41
41
41
42
43
43
44
44
44
45
45
47
47
47
47
47
48
49
50
50
51
51
52
52
54
56
57
57
58
58
58
59
60
61
62
62
63
63
63
64
65
65
65
68
68
69
70
70
70
71
72
72
72
74
76
77
77
78
79
79
79
79
80
80
82
83
83
83
84
84
85
86
86
86
87
89
89
90
90
90
91
92
92
96
97
97
98
98
98
99
100
101
102
103
103
103
103
104
105
105
106
106
107
108
108
108
108
110
110
111
111
112
112
112
113
113
113
114
115
115
115
115
115
115
115
115
116
116
117
117
117
118
118
118
118
118
120
120
120
121
122
123
125
126
126
127
128
128
129
132
132
132
133
134
134
135
135
136
136
137
137
138
138
139
141
141
143
143
144
145
145
145
145
145
147
147
147
147
147
148
148
149
150
150
150
151
151
154
155
155
156
156
156
157
157
158
159
159
160
160
161
163
164
165
165
165
165
166
166
168
168
170
170
170
170
170
171
172
172
172
173
174
174
175
175
175
175
175
175
175
176
176
177
177
178
178
180
181
181
181
181
181
182
182
182
183
183
184
184
185
185
185
185
186
186
187
187
187
188
189
189
189
189
190
191
192
192
192
193
195
195
195
195
196
197
198
198
199
199
202
203
203
203
204
205
206
206
207
207
208
208
211
212
212
214
214
214
214
216
216
216
219
220
221
222
223
223
224
224
224
225
226
226
227
228
228
229
229
230
230
230
231
231
231
231
231
231
232
232
233
233
237
239
240
240
241
241
242
243
243
243
243
244
244
245
246
246
247
247
247
247
248
249
249
251
251
251
252
253
253
253
254
254
254
255
257
257
257
259
259
260
260
261
261
261
261
261
262
262
262
263
263
263
263
264
265
265
265
265
266
267
267
268
269
270
270
270
271
271
271
271
272
272
274
274
274
274
275
275
276
276
277
277
277
277
278
279
279
280
280
281
282
282
282
282
284
285
285
286
286
286
288
289
289
289
289
289
290
290
290
291
291
292
292
292
293
294
294
295
295
296
297
298
298
298
298
299
299
300
300
301
302
302
303
303
303
303
305
306
306
307
307
307
309
310
310
311
311
313
313
313
314
315
315
315
316
316
316
319
319
321
321
322
323
325
326
326
327
328
328
328
328
329
329
329
330
330
330
332
332
333
335
336
336
336
337
337
338
338
339
339
339
340
340
340
341
342
343
343
343
344
344
344
345
345
345
346
347
347
348
348
348
349
350
353
353
354
354
355
356
357
361
362
363
363
364
368
369
369
370
371
371
372
372
372
373
375
375
375
376
376
376
376
377
377
378
378
378
379
379
380
380
381
381
383
383
384
386
386
388
388
390
390
390
392
392
392
393
393
394
394
395
395
395
396
396
396
396
397
398
399
400
401
403
403
404
404
404
405
406
407
408
409
409
410
411
411
411
413
413
417
417
418
418
419
419
420
420
420
421
421
423
424
424
424
424
425
425
427
427
427
428
428
428
429
430
430
430
432
432
433
433
434
434
434
435
435
436
436
436
437
437
438
439
440
440
441
441
442
442
442
443
443
444
445
446
446
447
447
447
449
449
449
449
450
451
452
452
453
453
453
454
455
458
458
459
460
460
461
462
462
462
463
463
464
464
464
465
465
466
466
467
468
469
469
470
470
471
472
473
473
473
474
474
475
476
476
476
477
477
479
480
480
481
481
483
484
484
485
485
486
486
486
488
488
489
489
490
490
491
491
493
495
495
496
498
498
498
499
500
500
500
502
503
504
504
504
504
505
505
506
506
506
507
507
507
508
508
509
509
509
510
510
511
511
513
513
513
514
516
516
517
518
518
518
520
521
521
522
523
523
524
524
525
525
525
526
526
527
527
528
529
530
530
530
531
531
531
532
534
535
535
536
537
538
538
538
538
539
540
540
540
541
541
544
546
546
546
547
551
555
555
555
555
555
556
556
558
559
560
562
562
562
564
564
565
567
567
568
569
569
569
570
570
570
570
570
571
572
572
572
573
573
573
573
574
574
574
575
575
575
575
577
578
579
579
579
581
581
581
582
582
582
585
587
587
588
589
589
590
590
592
593
594
595
595
596
596
597
597
597
597
597
598
598
598
599
599
