1000
1
3
4
4
4
4
5
5
5
5
6
7
8
9
9
10
11
11
11
12
12
13
14
14
15
16
16
17
17
18
19
20
20
20
21
21
21
22
23
24
24
26
28
30
32
32
33
33
33
34
34
34
35
35
36
36
36
37
38
38
38
40
40
41
42
42
44
45
46
48
48
50
50
51
52
53
53
54
54
54
55
55
55
55
55
56
56
57
57
57
59
59
59
59
60
61
61
62
62
62
63
63
63
63
63
64
64
65
65
65
65
66
67
68
68
70
70
71
73
74
74
75
76
77
78
78
78
78
79
79
79
79
80
80
80
80
81
83
83
84
85
85
85
87
87
87
88
88
90
90
90
91
91
91
91
91
93
93
94
94
96
96
97
98
98
99
99
100
101
101
104
105
105
106
106
108
108
108
108
109
111
111
111
111
112
112
112
112
113
114
115
116
116
117
117
119
119
119
119
120
120
121
122
122
122
123
124
124
124
125
127
127
127
128
128
130
130
130
131
132
133
133
134
134
135
135
135
136
139
139
139
140
140
140
140
140
141
141
142
145
148
148
148
148
148
149
149
150
150
151
153
153
154
154
154
157
158
161
162
163
163
163
164
164
165
165
166
166
166
167
168
168
168
168
168
169
169
170
171
171
172
172
172
173
173
174
174
175
175
175
176
176
179
179
180
180
181
181
182
182
184
185
187
188
189
189
189
190
191
194
194
194
195
196
196
197
198
198
198
200
201
201
201
202
202
202
202
203
203
203
204
204
204
204
205
205
206
206
207
207
207
208
209
209
210
210
210
212
212
212
212
214
214
215
216
216
216
217
218
219
219
221
222
222
223
223
224
225
225
226
226
227
227
227
228
228
228
228
228
229
230
230
230
231
231
231
231
231
231
231
232
232
232
233
233
233
234
237
237
239
240
241
241
241
244
245
246
246
246
247
247
247
248
249
249
250
250
253
253
253
253
254
254
254
254
255
255
257
257
258
258
259
259
259
260
260
261
262
262
263
264
264
265
266
266
266
267
268
268
269
270
270
271
271
271
272
273
273
275
275
275
276
277
278
278
279
280
280
282
283
283
283
285
287
287
288
288
288
288
289
290
290
290
291
291
292
293
294
294
296
296
297
297
299
299
299
299
300
300
300
301
301
301
301
301
302
302
304
304
304
304
306
306
306
306
308
309
309
309
310
310
311
311
311
313
313
313
313
314
314
316
316
316
316
316
317
318
319
319
319
320
321
322
322
323
323
325
327
327
328
329
329
330
331
332
332
332
332
333
334
335
336
337
337
338
338
339
339
339
340
340
340
342
342
343
344
344
344
345
346
347
348
348
349
351
351
351
352
352
352
355
356
356
356
357
357
357
357
358
359
360
362
363
363
363
363
365
365
366
366
367
367
368
370
371
372
373
373
374
374
375
375
377
377
379
380
381
381
381
381
382
382
383
383
384
384
385
386
387
389
389
390
390
391
391
391
392
392
392
392
393
394
394
394
394
394
395
396
396
396
397
398
399
400
400
401
402
403
403
404
404
404
405
405
406
406
406
407
407
408
408
409
411
411
412
413
414
416
416
417
417
418
418
419
419
419
420
421
422
422
423
423
423
424
424
424
426
426
427
427
427
428
429
429
430
430
430
431
434
434
435
436
437
438
441
442
442
442
442
443
443
446
446
447
447
447
448
448
450
451
451
452
452
452
452
453
454
455
455
455
455
455
455
457
457
457
458
458
460
461
461
462
462
462
463
464
464
465
465
465
467
467
467
468
470
471
471
473
473
474
474
474
476
477
478
479
479
479
480
480
482
483
483
484
485
486
487
487
488
489
489
489
491
491
492
492
493
494
495
495
496
497
497
498
498
498
498
499
499
499
500
501
501
502
503
504
504
504
505
506
506
507
507
507
508
509
510
510
511
511
511
512
512
512
513
514
514
515
516
517
518
518
518
519
519
521
521
522
523
524
525
525
526
526
527
527
528
528
528
529
529
530
531
531
531
534
534
535
536
538
538
538
538
539
540
541
541
542
542
542
543
544
544
544
544
546
546
546
547
547
548
549
550
550
550
552
553
556
556
556
556
557
557
558
558
558
559
559
559
559
561
561
561
564
564
564
565
565
565
566
567
567
568
569
569
570
570
572
572
573
573
573
573
573
574
574
574
575
576
576
576
576
577
577
577
577
577
578
578
580
580
582
582
583
583
584
585
585
585
586
586
586
587
587
587
587
588
589
589
589
590
591
591
592
593
593
593
594
594
595
596
596
597
598
598
598
599
599
599
600
