1000
0
0
1
1
2
3
4
4
4
5
5
5
5
6
6
6
6
6
7
8
8
9
9
9
10
11
11
14
14
15
365
15
15
15
16
16
17
19
20
20
21
23
23
23
199
271
59
167
184
264
385
76
128
467
381
493
450
493
23
24
25
25
374
230
125
231
65
411
446
161
494
66
201
265
111
284
176
496
27
216
334
27
28
28
28
28
468
470
29
30
31
32
32
32
33
33
33
86
318
224
267
137
526
171
500
262
34
34
34
35
37
37
37
39
40
40
41
51
217
236
62
43
44
44
46
46
150
47
73
48
261
488
365
49
135
241
446
134
291
49
526
189
216
384
373
341
554
109
150
374
408
113
121
362
255
479
190
378
51
51
225
286
52
52
539
318
52
161
215
452
53
54
54
54
58
400
145
378
124
283
479
217
277
54
55
55
57
57
57
57
58
58
60
60
60
61
62
64
539
65
528
219
65
66
188
205
525
533
109
160
67
270
277
251
83
120
164
179
600
280
371
68
68
70
71
81
85
88
95
97
275
389
173
119
339
532
125
178
531
159
128
144
479
151
293
161
173
309
492
180
366
182
196
204
216
227
406
292
535
290
593
391
302
323
565
549
504
316
316
448
334
331
446
460
562
464
247
214
299
326
228
217
319
501
333
528
516
406
463
447
238
343
333
366
418
411
476
481
507
573
576
593
299
343
342
70
550
530
387
119
98
477
524
282
120
71
71
71
190
409
189
116
123
518
495
502
141
222
428
518
295
447
335
310
566
317
143
555
146
593
191
527
422
301
305
439
476
388
441
495
481
72
476
163
72
438
318
148
223
564
485
186
564
73
482
479
256
590
74
357
439
74
136
109
121
468
558
343
491
546
325
165
76
221
75
77
78
78
290
428
115
133
185
213
226
229
323
368
384
476
540
425
491
560
569
560
78
80
595
246
81
495
187
413
497
81
147
449
341
278
533
183
368
183
530
325
83
477
562
573
84
584
84
88
571
88
88
89
90
90
92
94
218
515
252
550
94
96
147
440
96
394
97
386
100
100
101
102
557
594
102
102
172
340
103
122
548
121
285
158
323
103
376
220
236
283
543
133
422
580
593
422
105
105
105
106
110
115
273
238
116
122
129
131
145
401
135
138
218
460
143
149
361
531
207
362
223
287
424
166
312
173
293
417
413
521
188
436
449
308
251
446
522
244
567
281
275
249
510
259
528
341
260
529
579
226
314
385
596
423
358
547
157
199
205
233
578
238
274
468
245
251
341
285
368
512
482
255
107
264
152
375
153
360
301
274
282
500
525
278
518
287
107
219
393
129
378
560
481
146
221
431
136
335
114
191
277
389
108
109
138
109
123
110
372
146
111
232
386
475
140
408
174
180
112
189
152
540
500
113
509
245
282
114
228
426
193
421
390
468
502
396
537
333
120
505
499
115
265
339
595
511
581
362
462
116
136
274
460
445
228
443
484
117
197
293
452
139
279
403
270
267
393
181
414
194
450
218
281
244
268
317
338
451
390
546
497
117
397
119
397
487
119
538
264
300
205
425
491
137
444
119
380
553
470
402
439
489
505
121
440
138
540
175
369
153
438
123
130
285
496
126
126
590
266
432
236
298
170
542
141
127
169
414
306
521
532
273
508
144
130
561
134
324
585
138
549
193
267
456
537
590
262
139
139
561
425
392
308
362
547
393
165
494
206
167
192
255
506
564
263
235
209
223
341
512
225
226
248
559
455
370
487
382
269
600
317
440
588
334
351
387
468
552
389
416
508
582
270
356
571
533
401
497
512
419
600
492
557
483
198
135
312
139
209
213
523
140
151
542
217
444
246
483
410
358
378
467
572
139
321
369
140
458
317
411
150
464
187
336
348
358
324
144
146
257
538
202
165
261
178
254
267
151
156
525
157
179
160
399
268
221
549
271
161
181
448
286
408
562
282
264
165
168
319
170
173
177
301
318
319
184
518
318
188
286
532
362
191
587
196
344
244
572
503
430
528
332
580
205
197
274
215
584
252
308
226
257
576
508
391
412
423
425
444
506
525
228
276
416
435
322
587
370
375
460
407
409
483
428
567
312
360
521
511
200
209
214
215
216
247
278
511
558
224
251
464
404
533
310
535
583
253
515
262
278
337
284
467
560
291
305
444
343
541
295
514
534
322
457
316
401
424
456
479
495
507
585
347
347
574
371
499
376
417
487
416
456
585
495
587
407
327
370
400
336
471
342
346
548
353
361
538
363
577
437
595
427
528
396
407
461
546
504
569
511
536
92
173
415
