1000
415
70
92
23
299
396
511
76
493
576
593
363
135
569
504
385
59
450
381
161
182
507
214
353
15
34
198
327
68
107
200
264
184
271
199
493
128
21
467
43
293
27
366
15
238
54
247
78
548
167
365
171
262
270
483
376
407
371
280
255
157
312
511
374
230
125
231
65
411
446
161
494
66
201
265
111
284
176
496
62
51
151
6
334
216
125
180
468
470
119
447
277
217
464
316
425
560
94
139
318
224
267
137
15
526
500
86
508
269
492
165
499
117
495
587
67
179
600
120
31
482
166
547
567
407
72
83
150
4
73
5
261
488
365
37
135
241
446
134
291
47
526
189
216
384
373
341
554
109
150
374
408
113
121
362
255
479
190
378
217
236
225
286
479
88
539
318
32
161
215
452
339
532
309
492
58
400
145
378
173
85
333
406
49
124
479
283
446
562
504
216
29
540
560
115
550
252
467
102
539
28
528
219
16
6
188
205
525
533
109
160
8
270
277
251
389
387
3
382
121
600
393
116
127
55
497
84
117
585
316
224
275
389
164
6
52
83
97
178
531
159
285
143
287
8
358
226
14
428
228
196
146
481
325
183
71
227
406
292
535
290
593
391
128
323
565
549
25
302
81
448
334
95
316
28
460
331
204
58
299
326
228
30
24
501
23
528
516
319
463
57
173
343
9
366
418
217
196
476
333
573
481
411
144
343
342
19
550
530
387
119
98
477
524
282
120
4
65
28
190
409
189
27
116
518
495
502
60
222
428
518
295
447
335
310
566
317
143
555
123
593
191
527
422
301
141
439
476
388
305
495
441
39
476
163
40
438
318
148
223
564
485
186
564
54
482
479
256
590
33
357
439
20
136
109
121
468
558
343
491
546
325
165
76
221
476
323
368
185
428
290
44
218
51
515
246
97
557
594
213
226
133
16
384
491
569
229
15
44
595
246
54
495
187
413
497
28
147
449
341
278
533
9
368
33
183
64
52
477
562
573
119
1
317
334
571
20
123
487
505
489
419
103
362
547
81
362
77
141
147
440
338
546
584
386
443
136
347
416
295
322
184
558
172
340
54
122
548
121
285
158
323
75
376
220
236
283
543
133
422
580
593
422
245
233
218
460
207
223
273
238
385
423
259
529
145
401
483
276
412
425
103
587
361
531
105
362
110
530
424
106
312
96
293
417
413
521
5
436
449
308
251
446
522
129
567
281
275
249
510
244
528
341
34
260
579
173
149
188
596
314
116
66
57
138
135
205
578
131
274
468
115
238
341
122
368
512
251
199
92
264
152
375
153
360
301
274
282
500
525
278
518
287
84
219
393
129
378
560
481
146
221
431
136
335
114
191
277
389
46
40
138
74
123
78
372
146
5
232
386
475
140
408
174
180
78
189
152
540
500
57
509
245
282
74
228
426
193
421
390
468
502
396
537
333
120
505
499
72
73
339
595
511
581
265
462
2
23
274
460
445
228
46
484
71
197
293
452
57
279
403
270
267
393
89
414
181
450
194
281
60
218
268
139
451
317
244
390
49
397
0
397
487
100
538
264
300
205
425
491
137
444
52
96
553
470
380
439
62
402
23
440
138
540
175
369
153
438
114
130
285
496
6
65
590
266
432
236
298
0
170
94
11
169
414
306
521
532
273
508
144
88
561
14
324
585
109
549
193
267
456
537
590
262
37
112
561
425
392
139
4
51
308
7
494
206
10
90
255
506
564
263
235
167
17
341
512
192
139
107
559
455
226
225
370
110
600
248
440
588
105
81
101
468
552
209
416
351
582
11
138
571
533
356
497
512
223
401
119
557
126
217
6
312
394
209
213
523
119
68
542
151
444
140
483
410
358
113
378
572
102
321
369
35
458
317
411
150
464
187
336
348
358
324
32
144
257
538
202
165
261
178
254
267
32
139
525
151
179
126
399
268
221
549
271
140
181
448
286
408
562
282
264
134
108
319
33
130
37
301
318
319
71
518
318
60
286
532
362
88
70
48
344
244
572
503
430
528
332
580
205
146
274
168
584
252
308
215
41
576
508
257
61
391
423
444
506
525
542
115
416
435
161
587
53
90
460
191
322
370
409
375
226
360
521
507
495
487
156
305
541
534
55
173
247
511
278
464
404
533
310
535
583
170
515
177
209
337
197
467
560
165
284
444
343
160
102
262
514
215
457
214
111
424
456
109
479
401
585
216
58
574
371
9
347
188
417
80
34
253
25
456
71
105
370
400
278
471
1
291
336
88
342
538
361
577
437
595
427
528
251
346
100
546
157
407
461
536
5
173
