1000
175
65
545
426
594
172
477
551
567
179
408
311
561
15
27
480
342
39
344
418
266
372
23
454
419
515
113
210
530
55
468
144
528
139
27
521
403
457
139
566
4
461
370
114
452
43
387
329
345
600
295
562
291
331
505
237
127
204
451
92
326
438
319
63
522
221
327
401
260
201
223
161
518
13
37
320
310
114
349
144
511
97
25
326
456
549
412
70
429
76
75
394
472
9
109
459
386
83
579
154
549
445
415
24
228
92
586
167
293
204
479
333
383
329
145
600
288
49
411
86
314
114
392
440
212
557
251
137
488
15
392
558
216
560
462
453
82
441
574
87
160
134
519
93
469
313
580
514
3
415
410
158
16
583
463
282
128
379
236
207
48
399
104
151
307
529
76
69
335
247
222
380
411
420
413
254
464
69
199
584
404
18
219
238
296
280
522
90
306
42
272
555
330
508
122
363
150
474
395
18
55
221
492
402
365
332
582
362
288
270
5
46
556
169
553
472
340
361
91
171
564
122
256
571
149
52
76
367
382
186
423
374
144
288
106
162
359
227
74
394
568
65
201
532
264
451
404
74
177
19
467
57
418
291
227
220
362
364
83
508
177
70
138
97
533
301
547
21
258
75
450
87
463
360
489
473
116
440
149
468
130
573
520
476
123
466
203
35
50
343
357
201
206
504
390
235
197
438
258
280
564
318
516
439
203
551
152
84
139
210
217
311
515
171
101
307
119
344
263
72
515
181
450
473
349
356
99
277
351
431
212
144
111
284
535
322
392
99
16
205
562
500
4
569
5
592
211
413
457
402
107
384
176
524
353
206
516
514
9
300
442
15
26
568
408
402
468
547
574
367
464
524
141
593
530
597
481
598
471
554
307
183
166
547
558
392
562
113
299
133
561
229
283
40
293
436
498
235
492
123
175
340
535
571
511
185
58
88
137
384
212
20
215
495
144
316
106
166
25
99
376
247
574
564
415
500
163
411
521
116
65
272
534
143
163
497
54
72
472
592
251
220
470
326
116
474
537
50
487
309
173
482
598
401
575
540
116
166
34
12
269
128
596
591
0
511
449
41
205
127
260
233
287
473
253
167
9
237
543
467
563
4
125
110
403
259
286
542
15
526
464
58
275
213
347
45
70
474
451
224
319
600
533
253
557
252
200
232
437
480
84
36
126
595
124
302
413
290
346
588
115
309
528
314
180
104
415
182
473
452
479
220
392
312
178
61
113
5
102
125
56
303
12
167
481
178
405
320
247
5
320
193
260
139
20
526
554
382
226
65
446
175
338
481
61
425
303
528
186
382
585
401
190
316
390
68
419
182
207
45
368
381
524
157
338
582
265
497
551
41
39
376
374
392
86
222
385
139
81
41
400
479
238
435
316
55
82
349
109
201
312
467
592
531
386
386
240
284
335
589
308
526
67
191
491
274
363
591
288
440
381
9
452
409
344
359
174
248
216
380
191
57
7
44
122
400
556
117
33
339
169
396
262
325
269
255
514
591
226
243
113
16
218
427
570
585
347
352
98
106
210
448
8
164
474
9
193
4
179
55
369
137
247
531
148
176
175
121
354
411
325
488
117
86
512
403
394
439
557
184
335
7
101
47
287
389
397
276
380
559
564
349
57
475
326
206
592
584
106
422
269
155
78
499
332
503
346
396
192
515
46
285
487
553
436
272
584
590
66
323
394
245
517
339
75
583
535
505
520
259
503
4
8
267
217
173
361
257
398
167
103
373
492
24
170
416
25
22
382
533
404
201
567
0
533
211
571
137
123
45
346
14
86
240
549
517
589
552
92
393
220
79
55
23
571
122
585
595
442
138
168
493
4
566
453
27
492
1
233
277
72
522
149
108
303
196
560
566
578
466
14
92
339
348
86
286
572
426
166
552
377
317
253
586
586
485
512
167
418
472
221
158
175
222
600
565
254
138
307
337
210
419
40
80
268
90
314
104
42
62
446
52
205
69
452
103
542
459
362
200
57
237
368
20
236
144
213
446
347
215
412
590
100
533
287
342
353
449
137
17
265
339
466
135
180
399
399
119
584
402
385
380
420
291
153
146
193
466
199
24
324
549
579
64
414
109
124
379
332
223
202
36
183
354
450
568
497
532
544
286
68
108
410
514
137
280
293
387
257
585
565
329
353
278
85
543
345
485
563
18
231
480
592
283
293
324
41
289
150
222
47
199
207
303
186
478
69
269
531
567
163
438
313
58
142
389
344
238
548
46
447
173
253
387
208
375
562
450
422
8
25
178
497
291
307
560
532
18
317
223
