1000
0
0
1
3
4
4
4
4
4
4
5
5
5
5
7
7
8
8
8
9
9
9
9
9
12
12
13
14
14
15
15
15
15
16
16
16
17
18
18
18
18
19
20
20
20
21
22
23
23
24
24
24
25
25
25
25
26
27
27
27
33
34
35
36
36
37
39
39
40
40
41
41
41
41
42
42
43
44
45
45
45
46
46
46
47
47
48
49
50
50
52
52
54
55
55
55
55
55
56
57
57
57
57
58
58
58
61
61
62
63
64
65
65
65
65
66
67
68
68
69
69
69
69
70
70
70
72
72
72
74
74
75
75
75
76
76
76
78
79
80
81
82
82
83
83
84
84
85
86
86
86
86
86
87
87
88
90
90
91
92
92
92
92
93
97
97
98
99
99
99
100
101
101
102
103
103
104
104
104
106
106
106
106
107
108
108
109
109
109
110
111
113
113
113
113
114
114
114
115
116
116
116
116
117
117
119
119
121
122
122
122
122
123
123
123
124
124
125
125
126
127
127
128
128
130
133
134
135
137
137
137
137
137
137
138
138
138
139
139
139
139
139
141
142
143
144
144
144
144
144
144
145
146
148
149
149
149
150
150
151
152
153
154
155
157
158
158
160
161
162
163
163
163
164
166
166
166
166
167
167
167
167
167
168
169
169
170
171
171
172
173
173
173
174
175
175
175
175
175
176
176
177
177
178
178
178
179
179
180
180
181
182
182
183
183
184
185
186
186
186
190
191
191
192
193
193
193
196
197
199
199
199
200
200
201
201
201
201
201
202
203
203
204
204
205
205
205
206
206
206
207
207
207
208
210
210
210
210
211
211
212
212
212
213
213
215
215
216
216
217
217
218
219
220
220
220
220
221
221
221
222
222
222
222
223
223
223
224
226
226
227
227
228
229
231
232
233
233
235
235
236
236
237
237
237
238
238
238
240
240
243
245
247
247
247
247
248
251
251
252
253
253
253
253
254
254
255
256
257
257
258
258
259
259
260
260
260
262
263
264
265
265
266
267
268
269
269
269
269
270
272
272
272
274
275
276
277
277
278
280
280
280
282
283
283
284
284
285
286
286
286
287
287
287
288
288
288
288
289
290
291
291
291
291
293
293
293
293
295
296
299
300
301
302
303
303
303
303
306
307
307
307
307
307
308
309
309
310
311
311
312
312
313
313
314
314
314
316
316
316
317
317
318
319
319
320
320
320
322
323
324
324
325
325
326
326
326
326
327
329
329
329
330
331
332
332
332
333
335
335
335
337
338
338
339
339
339
339
340
340
342
342
343
344
344
344
344
345
345
346
346
346
347
347
347
348
349
349
349
349
351
352
353
353
353
354
354
356
357
359
359
360
361
361
362
362
362
363
363
364
365
367
367
368
368
369
370
372
373
374
374
375
376
376
377
379
379
380
380
380
380
381
381
382
382
382
382
383
384
384
385
385
386
386
386
387
387
387
389
389
390
390
392
392
392
392
392
392
393
394
394
394
394
395
396
396
397
398
399
399
399
400
400
401
401
401
402
402
402
402
403
403
403
404
404
404
405
408
408
409
410
410
411
411
411
411
412
412
413
413
413
414
415
415
415
415
416
418
418
418
419
419
419
420
420
422
422
423
425
426
426
427
429
431
435
436
436
437
438
438
438
439
439
440
440
440
441
442
442
445
446
446
446
447
448
449
449
450
450
450
450
451
451
451
452
452
452
452
453
453
454
456
457
457
459
459
461
462
463
463
464
464
464
466
466
466
466
467
467
467
468
468
468
469
470
471
472
472
472
472
473
473
473
473
474
474
474
474
475
476
477
478
479
479
479
480
480
480
481
481
481
482
485
485
487
487
488
488
489
491
492
492
492
492
493
495
497
497
497
497
498
499
500
500
503
503
504
505
505
508
508
511
511
511
512
512
514
514
514
514
515
515
515
515
516
516
517
517
518
519
520
520
521
521
522
522
522
524
524
524
526
526
526
528
528
528
529
530
530
531
531
531
532
532
532
533
533
533
533
533
534
535
535
535
537
540
542
542
543
543
544
545
547
547
547
548
549
549
549
549
551
551
551
552
552
553
553
554
554
555
556
556
557
557
557
558
558
559
560
560
560
561
561
562
562
562
562
563
563
564
564
564
564
565
565
566
566
566
567
567
567
568
568
568
569
570
571
571
571
571
572
573
574
574
574
575
578
579
579
580
582
582
583
583
584
584
584
584
585
585
585
585
586
586
586
588
589
589
590
590
591
591
591
592
592
592
592
592
593
594
595
595
596
597
598
598
600
600
600
600
