1000
318
550
251
367
43
86
398
468
358
294
163
385
141
494
532
497
450
385
284
512
388
118
507
2
356
407
380
262
197
205
261
430
465
27
142
170
513
555
113
562
598
299
396
321
503
324
415
106
112
419
424
64
190
296
183
146
47
247
172
207
399
219
242
353
302
25
509
315
180
576
529
523
234
161
290
276
546
127
394
545
150
600
46
546
274
298
347
170
552
114
286
567
17
294
228
509
283
324
504
38
360
267
171
329
24
143
123
378
166
238
130
380
46
497
549
4
9
390
55
465
398
52
260
258
458
356
579
84
291
119
138
85
339
20
221
584
140
531
465
525
151
216
128
532
165
408
92
198
288
516
169
351
391
181
525
64
458
33
507
436
89
281
390
105
404
206
105
210
338
191
41
529
252
405
333
363
455
300
588
313
76
290
206
130
440
9
264
394
204
219
377
369
19
10
446
479
364
258
268
198
547
519
292
25
309
209
126
87
533
158
128
263
487
359
257
555
498
29
572
184
463
377
9
387
469
405
508
600
548
396
272
166
230
360
322
200
477
374
180
329
395
453
320
284
157
336
108
529
163
26
444
357
414
137
120
491
14
89
140
554
174
458
47
362
590
451
47
477
438
413
417
176
267
254
179
29
185
443
536
449
220
142
506
281
321
153
50
488
31
287
384
163
111
403
179
411
321
576
155
262
326
51
539
575
459
218
276
373
250
415
98
277
490
376
386
172
359
508
293
233
152
333
300
115
583
366
149
429
360
398
354
247
549
71
95
198
508
274
432
500
465
582
268
581
14
16
53
219
174
477
138
425
385
482
254
53
440
366
49
302
344
231
595
501
577
387
558
581
130
490
305
349
56
438
524
236
183
272
467
61
87
100
141
122
311
189
422
453
122
287
317
547
332
437
248
176
15
368
309
535
397
521
52
524
80
151
250
98
311
570
598
34
599
267
47
478
351
357
52
537
377
71
74
508
500
162
584
559
6
294
25
530
424
110
250
424
252
193
100
591
235
597
347
301
424
506
354
326
333
0
589
17
346
2
490
359
333
182
587
345
522
394
450
129
35
103
266
549
243
522
484
225
62
64
350
447
529
145
324
363
235
14
24
549
295
411
346
598
21
64
143
254
286
564
540
305
339
52
359
48
589
155
239
393
373
235
334
241
535
198
433
156
510
439
438
236
337
534
341
191
8
584
257
188
446
392
547
512
305
269
542
378
422
456
117
332
167
120
299
284
125
323
356
107
19
524
250
564
597
329
27
303
125
394
413
82
303
13
5
79
286
75
355
310
470
495
121
20
216
395
304
479
558
356
451
488
278
589
402
219
132
28
291
27
509
167
571
344
443
270
210
444
516
162
219
131
246
376
453
383
503
525
490
411
192
564
338
19
517
296
589
115
431
130
220
356
92
581
570
166
111
385
27
225
267
306
438
145
42
410
305
400
106
353
461
118
475
379
373
579
458
342
21
57
491
243
170
255
465
341
48
264
112
323
429
51
324
339
79
226
90
166
319
575
496
498
370
42
65
239
175
244
406
405
29
7
501
391
377
441
236
406
521
82
127
145
496
143
596
67
108
514
54
293
60
503
76
482
479
180
190
360
542
434
248
24
117
224
306
456
495
476
453
50
84
353
445
247
150
382
267
427
600
576
181
254
556
12
363
192
95
127
475
132
62
241
53
385
150
174
337
404
508
291
414
583
501
578
192
514
39
341
234
284
594
48
50
114
13
242
0
310
264
579
410
555
568
256
559
79
89
343
179
493
568
118
4
520
171
593
238
265
43
163
183
153
345
184
184
518
82
165
316
187
429
158
20
331
277
390
597
133
566
281
200
129
467
111
71
105
19
540
529
243
482
164
84
28
600
92
324
122
98
142
546
76
235
490
39
97
14
127
9
499
564
41
510
226
90
161
48
334
398
600
40
372
502
370
342
397
204
364
476
52
265
581
299
268
576
96
55
396
362
455
162
30
545
135
310
423
17
314
231
62
442
18
433
522
331
96
275
114
7
331
456
423
376
391
597
150
433
31
380
501
228
278
460
4
528
553
484
135
217
31
21
473
34
545
205
399
412
474
73
283
546
116
282
402
391
157
1
402
218
34
61
345
263
148
161
206
118
456
265
503
419
376
414
173
561
253
370
478
484
380
68
549
485
4
274
558
98
453
149
406
147
167
313
528
376
528
514
128
26
347
50
413
428
98
410
292
164
501
259
199
475
73
101
541
482
577
17
588
393
465
114
356
417
158
459
449
315
330
354
326
375
224
243
41
392
556
