1000
0
0
1
2
2
4
4
4
4
5
6
7
7
8
9
9
9
9
10
12
13
13
14
14
14
14
15
16
17
17
17
17
18
19
19
19
19
20
20
20
21
21
21
24
24
24
25
25
25
26
26
27
27
27
27
28
28
29
29
29
30
31
31
31
33
34
34
34
35
38
39
39
40
41
41
41
42
42
43
43
46
46
47
47
47
47
48
48
48
48
49
50
50
50
50
51
51
52
52
52
52
52
53
53
53
54
55
55
56
57
60
61
61
62
62
62
64
64
64
64
65
67
68
71
71
71
73
73
74
75
76
76
76
79
79
79
80
82
82
82
84
84
84
85
86
87
87
89
89
89
90
90
92
92
92
95
95
96
96
97
98
98
98
98
98
100
100
101
103
105
105
105
106
106
107
108
108
110
111
111
111
112
112
113
114
114
114
114
115
115
116
117
117
118
118
118
118
119
120
120
121
122
122
122
123
125
125
126
127
127
127
127
128
128
128
129
129
130
130
130
130
131
132
132
133
135
135
137
138
138
140
140
141
141
142
142
142
143
143
143
145
145
145
146
147
148
149
149
150
150
150
150
151
151
152
153
153
155
155
156
157
157
158
158
158
161
161
161
162
162
162
163
163
163
163
164
164
165
165
166
166
166
166
167
167
167
169
170
170
170
171
171
172
172
173
174
174
174
175
176
176
179
179
179
180
180
180
181
181
182
183
183
183
184
184
184
185
187
188
189
190
190
191
191
192
192
192
193
197
198
198
198
198
199
200
200
204
204
205
205
206
206
206
207
209
210
210
216
216
217
218
218
219
219
219
219
219
220
220
221
224
224
225
225
226
226
228
228
230
231
231
233
234
234
235
235
235
235
236
236
236
238
238
239
239
241
241
242
242
243
243
243
243
244
246
247
247
247
248
248
250
250
250
250
251
252
252
253
254
254
254
254
255
256
257
257
258
258
259
260
261
262
262
263
263
264
264
264
265
265
265
266
267
267
267
267
267
268
268
268
269
270
272
272
274
274
274
275
276
276
277
277
278
278
281
281
281
282
283
283
284
284
284
284
286
286
286
287
287
288
290
290
291
291
291
292
292
293
293
294
294
294
295
296
296
298
299
299
299
300
300
301
302
302
303
303
304
305
305
305
305
306
306
309
309
310
310
310
311
311
313
313
314
315
315
316
317
318
319
320
321
321
321
322
323
323
324
324
324
324
324
326
326
326
329
329
329
330
331
331
331
332
332
333
333
333
333
334
334
336
337
337
338
338
339
339
339
341
341
341
342
342
343
344
344
345
345
345
346
346
347
347
347
349
350
351
351
353
353
353
354
354
354
355
356
356
356
356
356
356
357
357
358
359
359
359
359
360
360
360
360
362
362
363
363
363
364
364
366
366
367
368
369
370
370
370
372
373
373
373
374
375
376
376
376
376
376
377
377
377
377
378
378
379
380
380
380
380
382
383
384
385
385
385
385
385
386
387
387
388
390
390
390
391
391
391
391
392
392
393
393
394
394
394
394
395
395
396
396
396
397
397
398
398
398
398
399
399
400
402
402
402
403
404
404
405
405
405
406
406
406
407
408
410
410
410
411
411
411
412
413
413
413
414
414
414
415
415
417
417
419
419
422
422
423
423
424
424
424
424
425
427
428
429
429
429
430
431
432
433
433
433
434
436
437
438
438
438
438
439
440
440
441
442
443
443
444
444
445
446
446
447
449
449
450
450
451
451
453
453
453
453
453
455
455
456
456
456
456
458
458
458
458
459
459
460
461
463
465
465
465
465
465
465
467
467
468
469
470
473
474
475
475
475
476
476
477
477
477
478
478
479
479
479
482
482
482
482
484
484
484
485
487
488
488
490
490
490
490
490
491
491
493
494
495
495
496
496
497
497
498
498
499
500
500
501
501
501
501
501
502
503
503
503
503
504
506
506
507
507
508
508
508
508
508
509
509
509
510
510
512
512
513
514
514
514
516
516
517
518
519
520
521
521
522
522
522
523
524
524
524
525
525
525
528
528
528
529
529
529
529
529
530
531
532
532
533
534
535
535
536
537
539
540
540
541
542
542
545
545
545
546
546
546
546
547
547
547
548
549
549
549
549
549
550
552
553
554
555
555
555
556
556
558
558
558
559
559
561
562
564
564
564
564
566
567
568
568
570
570
571
572
575
575
576
576
576
576
577
577
578
579
579
579
581
581
581
581
582
583
583
584
584
584
587
588
588
589
589
589
589
590
591
593
594
595
596
597
597
597
597
598
598
598
599
600
600
600
600
600
