1000
231
271
474
85
115
298
98
132
51
392
356
168
83
388
58
390
199
569
285
246
527
84
303
445
458
425
535
3
274
270
581
430
6
168
5
299
145
427
198
562
315
524
50
232
332
299
5
70
452
544
578
57
16
551
177
327
295
165
155
435
45
432
508
599
38
172
265
17
546
34
220
500
411
315
375
292
184
336
449
462
70
271
170
585
58
364
460
436
281
307
409
509
245
8
378
161
440
196
228
123
330
480
271
477
496
282
500
22
166
214
145
195
429
257
41
555
486
185
41
540
22
274
92
141
204
332
333
164
469
572
98
185
5
526
411
43
263
19
2
531
126
139
507
311
538
14
390
112
555
68
338
383
313
224
540
573
399
394
345
181
575
511
22
260
326
345
35
432
480
122
516
79
361
263
244
417
340
301
195
76
462
290
390
574
214
103
22
120
247
275
181
298
476
252
178
282
343
484
172
118
471
150
371
39
491
424
224
430
175
577
35
145
2
89
339
175
473
376
313
190
155
488
96
354
384
363
223
3
22
569
289
115
26
424
100
50
538
98
62
160
136
464
106
276
597
147
559
463
368
290
513
83
176
189
293
187
170
125
427
523
115
79
174
12
453
588
302
203
279
587
498
452
159
57
79
118
59
108
446
44
263
535
244
52
165
231
173
208
182
13
240
106
498
582
579
498
231
329
108
175
175
105
321
260
567
589
154
226
420
392
165
150
419
300
163
135
449
454
476
347
319
78
97
11
560
556
205
170
419
64
47
372
103
176
82
590
17
58
477
423
118
307
408
170
463
526
292
240
597
468
156
562
241
523
296
182
421
353
341
465
298
241
222
145
508
157
506
277
171
527
127
400
288
436
443
349
528
595
466
343
428
21
582
221
362
214
25
337
86
294
128
597
107
569
509
302
504
363
8
251
208
0
144
303
170
534
253
473
18
592
216
309
69
113
257
430
525
434
156
525
44
338
286
207
354
513
488
32
132
598
510
490
575
280
86
187
97
376
510
43
485
243
63
183
514
436
348
350
428
490
262
262
261
440
30
345
261
438
286
272
380
113
518
251
529
105
379
329
277
444
267
188
174
255
486
481
307
290
189
424
114
470
343
126
111
568
183
261
37
547
263
410
401
418
469
441
195
212
555
180
47
177
328
439
369
20
437
481
541
275
20
243
270
251
564
313
532
231
203
129
175
159
195
103
71
277
70
486
231
531
597
133
459
48
151
91
530
505
465
30
269
522
13
270
279
74
407
446
597
226
581
326
181
504
247
54
121
300
393
12
278
3
340
310
483
491
31
582
35
249
375
116
136
395
265
489
396
80
433
458
239
113
574
72
61
8
505
18
7
421
555
594
447
11
573
579
3
30
111
450
149
72
101
339
23
184
0
148
189
265
575
540
489
396
473
409
556
249
138
518
449
404
294
393
485
181
198
206
230
377
19
72
175
112
141
593
310
396
378
274
434
538
104
499
506
541
441
413
344
47
6
316
355
214
257
143
178
137
115
45
518
595
3
406
598
495
44
388
206
321
197
224
411
380
264
298
156
254
37
546
243
272
219
346
291
285
86
462
253
570
42
461
503
229
295
2
531
507
116
292
306
303
187
37
212
37
567
596
427
386
306
348
329
242
192
511
546
330
339
261
90
15
186
297
405
185
289
120
29
52
202
157
10
166
60
80
344
118
110
137
572
451
348
274
89
291
227
253
7
573
230
466
502
536
336
282
247
247
286
117
397
248
193
470
521
370
453
203
530
305
504
26
386
476
115
474
420
147
371
420
77
22
128
413
233
325
110
138
537
266
538
520
455
115
254
262
377
115
442
147
373
335
565
261
376
475
65
99
33
225
172
175
575
268
323
108
135
598
316
186
590
383
570
555
230
143
378
117
289
87
495
381
442
589
328
216
314
83
340
558
90
150
596
148
500
394
277
572
353
158
319
579
211
428
165
289
395
41
63
375
395
223
63
303
115
49
404
4
372
396
418
524
316
229
570
65
233
599
207
17
191
342
216
403
189
237
434
231
449
376
507
571
47
265
517
570
284
347
151
232
381
243
134
181
453
472
372
246
12
271
424
336
51
506
562
134
403
120
118
516
417
132
404
437
328
199
33
254
521
62
587
276
464
185
147
56
447
6
435
280
513
117
433
112
460
267
84
504
479
581
102
330
484
322
282
92
509
530
464
539
68
425
289
564
379
192
570
328
160
447
443
398
145
77
228
311
192
79
493
65
442
392
259
27
525
357
182
574
147
344
315
47
573
108
467
90
259
103
337
369
