1000
300
585
34
26
512
526
343
283
91
321
231
268
534
320
266
201
383
508
4
301
63
106
150
379
452
319
200
538
6
574
547
38
359
331
132
574
254
574
301
412
596
96
548
559
248
50
294
417
498
153
222
568
573
339
271
64
225
244
389
121
483
80
313
455
375
597
531
179
223
246
65
578
15
148
228
396
282
402
40
408
591
489
14
204
35
278
288
396
577
374
462
327
569
8
496
523
593
233
557
357
556
309
24
7
117
427
201
148
263
339
231
120
322
168
368
310
55
535
509
416
270
411
253
93
140
576
332
161
573
9
598
134
172
171
458
455
306
407
423
561
464
158
42
24
253
296
580
226
569
546
317
559
247
181
56
540
202
572
226
345
228
5
130
55
237
400
587
217
421
306
80
79
319
306
401
127
111
128
428
30
233
62
420
424
157
403
594
171
344
598
352
557
225
340
468
336
302
442
573
566
54
275
57
351
214
377
22
54
538
556
273
558
169
512
198
112
291
279
267
246
447
140
90
141
448
291
134
203
55
208
329
313
457
511
491
344
108
518
474
527
28
34
17
497
42
207
489
498
344
504
471
202
405
297
105
539
59
48
527
91
12
163
511
87
478
363
497
150
165
561
262
583
340
309
48
510
115
332
525
36
389
112
5
363
79
245
585
12
216
97
381
304
382
280
52
372
313
501
216
203
558
119
453
141
116
206
63
477
391
197
484
10
300
214
254
463
500
78
366
231
154
122
550
204
451
588
180
162
210
534
584
168
296
59
40
230
77
174
304
516
259
231
196
564
408
406
530
319
50
139
572
393
547
153
206
91
61
87
381
166
11
501
586
51
358
381
293
301
518
348
145
212
332
142
135
362
63
79
185
101
424
337
169
480
351
528
452
383
247
64
73
599
565
494
191
227
442
406
166
316
179
230
123
166
149
363
78
470
100
397
38
209
83
228
46
259
423
56
455
526
550
342
457
363
448
20
430
210
273
518
70
154
57
163
5
90
5
482
370
32
33
172
20
391
480
502
498
473
108
84
180
232
382
62
576
172
590
512
122
366
384
216
44
356
409
35
479
112
323
168
232
514
417
288
510
406
231
330
75
78
546
117
257
54
127
91
278
528
16
400
522
374
290
148
288
316
596
33
452
4
249
233
552
135
175
255
544
474
68
310
465
357
91
586
302
467
131
294
63
182
431
351
205
277
335
198
356
59
384
419
499
301
1
65
268
204
135
81
202
398
234
599
492
76
479
544
34
264
140
464
525
577
586
365
290
196
189
426
592
558
499
329
405
4
543
130
474
538
414
385
228
182
246
524
460
253
587
85
250
314
399
443
593
139
360
218
189
337
71
272
304
85
458
258
125
323
495
507
163
175
63
221
187
573
124
283
11
561
582
407
60
427
260
308
57
381
528
423
68
565
94
583
367
422
94
219
3
16
418
17
254
266
506
70
313
287
209
386
74
65
556
322
454
585
544
67
394
546
473
227
108
139
328
113
377
148
23
334
311
457
173
492
578
112
168
74
446
311
205
124
340
80
257
222
111
339
247
549
99
316
513
21
98
223
599
430
411
255
447
436
83
577
404
465
264
165
542
65
531
275
241
174
455
542
231
553
485
194
515
452
392
426
18
392
589
13
280
36
542
471
418
573
133
300
367
375
265
292
394
212
517
104
441
101
231
479
119
207
403
582
371
290
140
176
347
202
392
45
442
352
419
301
120
416
262
36
106
9
489
507
462
85
476
519
564
203
14
491
461
297
404
504
261
259
287
188
451
394
266
230
93
550
254
503
79
438
53
151
128
88
541
212
505
434
164
424
170
487
283
212
219
486
237
20
429
499
352
55
201
446
304
495
288
194
404
598
181
387
314
487
332
299
41
149
591
87
348
437
270
443
168
365
559
498
194
311
215
207
229
249
442
96
316
224
355
455
210
531
587
413
271
289
373
519
105
285
394
136
32
90
576
164
119
127
577
269
357
514
299
575
276
396
506
325
88
559
567
570
589
544
392
21
198
342
195
521
80
116
483
422
271
133
462
232
227
148
119
184
275
380
99
78
111
357
204
419
61
504
140
108
62
114
511
541
130
299
461
19
595
53
390
241
587
346
529
594
455
122
98
391
349
536
306
239
316
228
356
55
111
4
21
556
576
260
564
250
450
394
373
154
258
467
33
318
327
427
538
37
253
570
577
11
521
190
390
240
124
309
66
567
395
167
507
176
109
529
467
447
600
38
488
593
493
580
589
429
565
333
338
175
338
173
434
465
299
435
430
241
189
59
