1000
0
1
2
2
2
4
5
5
6
6
6
7
7
7
7
8
8
9
9
10
10
10
10
11
11
13
13
15
15
15
196
245
452
251
388
446
16
17
17
18
495
19
19
20
21
22
343
329
544
294
173
119
288
260
23
23
23
25
26
26
26
27
28
28
28
29
29
30
31
32
32
275
32
33
34
34
35
35
36
36
37
37
38
38
217
438
579
38
39
40
40
42
42
43
190
410
499
488
357
599
514
352
121
328
364
587
43
574
327
516
253
492
45
45
45
99
45
47
47
48
49
49
263
50
51
434
51
52
52
85
98
124
361
268
314
436
109
186
435
449
203
235
244
244
264
480
303
313
413
338
553
339
385
433
390
402
459
452
463
477
131
53
53
53
54
54
54
385
55
56
58
58
58
59
60
60
294
303
60
61
61
61
61
62
63
63
340
133
64
65
101
242
288
144
90
438
513
65
319
568
453
234
550
93
278
399
94
105
399
487
188
285
512
227
510
335
180
65
431
65
293
173
348
500
155
536
505
321
441
483
412
484
543
72
343
588
74
589
285
238
99
74
128
575
331
288
395
75
75
363
447
163
311
436
75
75
78
80
80
81
82
82
236
513
83
121
291
154
511
83
84
137
598
85
85
241
85
141
599
113
532
106
86
86
87
112
143
151
463
381
87
135
135
510
527
140
88
245
343
88
89
91
92
92
93
94
94
94
95
96
117
419
116
390
98
99
313
467
464
427
100
447
195
252
368
235
264
411
452
458
100
102
103
240
558
388
104
104
105
317
105
106
106
108
260
477
108
109
110
110
110
111
112
114
114
441
117
119
124
131
133
136
279
143
146
401
147
149
149
326
151
464
153
178
310
184
188
229
191
198
199
204
422
218
383
225
451
383
388
489
363
244
247
320
311
441
347
530
446
599
522
383
488
393
560
488
557
528
233
236
393
291
592
369
293
467
519
587
487
525
576
542
522
529
547
540
253
256
425
545
473
371
402
500
521
376
493
256
333
500
445
451
368
524
297
473
278
286
312
550
360
281
350
406
303
308
467
325
484
282
296
395
338
307
337
393
590
425
580
512
362
369
409
544
416
537
567
437
439
512
512
581
117
182
164
213
539
324
207
334
173
246
423
522
503
265
247
538
438
388
513
550
356
292
579
357
504
121
533
166
123
126
134
140
347
201
376
317
464
470
421
135
363
321
564
421
514
477
327
380
391
398
140
211
361
240
564
469
451
340
492
461
136
563
571
183
279
589
293
241
139
339
402
436
325
566
148
555
149
425
564
569
368
484
260
371
158
169
283
387
174
184
463
191
211
223
215
225
236
581
316
284
286
313
564
331
426
506
588
388
346
563
357
391
442
445
599
342
117
117
117
118
118
396
151
118
276
328
228
190
567
223
202
551
118
118
118
118
147
118
526
386
350
171
412
121
414
289
384
389
121
121
121
141
195
198
564
210
526
340
419
475
571
128
208
569
219
234
280
411
535
129
214
246
213
131
464
135
250
201
249
234
239
531
253
562
283
271
508
143
305
137
496
263
511
275
138
402
600
356
208
403
159
315
164
173
189
517
223
185
191
572
410
496
558
194
542
352
204
468
226
449
577
260
301
267
281
231
256
564
472
245
467
459
269
407
261
398
384
472
488
507
540
250
277
303
382
412
437
598
138
227
144
493
365
434
146
385
406
148
308
335
153
291
264
163
511
315
269
149
383
310
383
215
444
586
163
542
179
593
153
454
214
240
154
587
159
567
208
163
561
464
172
274
226
444
380
299
237
245
548
247
474
251
569
390
600
164
578
207
235
577
426
178
182
402
417
508
186
205
343
510
586
587
197
246
203
405
438
295
204
479
231
247
359
316
318
414
467
487
494
504
537
535
589
279
336
294
429
462
179
571
480
237
183
223
239
589
227
237
298
321
350
463
358
360
366
529
554
368
527
411
519
381
498
385
403
433
512
454
542
496
424
443
573
480
482
465
462
132
296
582
134
137
497
225
225
276
139
179
459
454
141
148
560
344
141
305
143
573
320
144
495
146
175
199
493
336
371
561
182
599
597
207
354
507
370
422
559
277
463
430
592
279
498
543
150
355
493
152
503
156
462
212
202
262
172
350
337
168
180
215
554
382
168
539
520
351
426
191
251
314
300
261
359
204
237
270
174
176
176
296
449
177
186
199
530
211
536
391
192
275
443
399
181
439
189
536
314
201
481
329
212
246
251
281
251
333
373
395
431
484
438
504
584
591
223
327
452
229
374
333
231
262
417
475
506
63
263
11
