1000
459
408
491
551
502
567
435
274
354
347
152
525
512
230
117
295
219
269
348
255
127
257
442
382
536
187
141
163
332
83
430
96
95
364
83
77
217
1
572
45
335
458
165
259
270
482
79
282
569
163
162
62
133
266
350
72
132
598
480
331
136
345
92
506
280
574
388
407
278
269
565
216
98
355
435
249
201
500
50
10
25
173
47
42
196
210
34
328
447
436
598
312
258
376
339
552
337
269
83
430
89
351
292
455
494
55
504
97
151
142
314
340
213
492
547
75
121
231
479
572
95
425
4
548
5
201
367
197
157
27
116
3
525
49
597
195
62
597
246
179
157
476
291
58
40
547
335
219
523
296
508
442
243
42
346
551
364
342
373
85
558
226
255
234
91
429
81
345
99
191
198
35
244
304
76
572
482
546
468
395
30
525
339
377
260
11
471
14
206
194
114
584
417
514
379
448
90
332
473
555
5
378
68
375
379
584
153
192
181
242
413
92
411
182
308
400
501
22
206
143
398
492
487
534
249
142
479
558
370
494
511
426
327
129
23
546
0
313
417
179
232
569
410
307
324
232
590
217
559
343
408
567
410
46
496
173
107
534
538
42
252
566
489
205
159
288
511
343
329
188
296
56
574
494
518
282
273
405
444
165
124
179
213
89
565
385
345
296
207
467
214
137
345
176
568
503
318
150
567
17
261
398
214
283
506
438
373
47
493
250
26
78
467
91
165
348
225
186
468
239
140
369
414
483
121
361
169
333
309
318
252
452
186
55
298
212
284
508
62
432
439
244
389
59
253
23
409
418
552
176
513
598
497
330
569
381
596
480
449
161
72
76
130
416
335
507
530
20
252
412
261
320
472
62
481
325
576
200
558
566
254
450
49
53
394
569
363
521
564
48
494
145
204
584
209
450
92
324
213
98
496
527
236
586
415
205
15
484
268
471
347
147
448
16
515
86
244
61
186
147
56
378
473
212
480
298
342
176
408
122
131
455
136
98
261
525
488
592
82
464
74
115
329
285
240
257
33
5
63
599
33
134
588
157
262
325
70
287
509
72
232
49
502
3
183
94
153
392
125
251
441
17
356
419
60
44
152
20
228
115
477
551
17
258
399
420
220
466
330
556
502
454
71
84
275
144
517
160
569
183
119
370
556
552
20
537
432
179
600
50
485
332
475
138
492
44
277
562
599
557
182
224
540
425
56
341
568
360
463
510
507
414
264
595
310
265
363
64
108
29
294
208
302
242
0
524
138
513
50
119
322
89
547
569
390
9
96
10
532
220
372
359
583
2
340
141
300
418
294
177
155
464
237
479
328
469
594
470
345
369
227
92
431
475
3
245
564
31
580
283
304
506
41
504
345
406
344
320
4
425
327
494
487
258
78
226
548
406
360
423
531
410
421
358
131
320
524
164
71
455
510
246
178
13
118
440
344
245
152
561
282
543
236
455
373
121
257
147
422
4
184
423
393
413
216
270
9
517
2
431
300
451
531
37
490
329
327
400
490
31
208
237
383
34
61
571
310
206
212
496
175
400
72
73
447
316
505
185
56
551
26
239
539
160
62
532
388
468
407
219
127
288
558
516
85
97
239
521
366
290
78
559
48
304
325
311
330
550
349
209
132
490
497
114
427
156
386
562
169
379
244
483
287
152
264
259
258
141
218
305
209
36
88
134
57
278
545
53
456
161
522
284
429
247
524
537
586
532
587
406
475
487
7
562
111
217
91
53
218
418
58
138
107
150
147
305
29
231
43
206
189
85
473
324
569
480
273
255
175
334
31
495
283
489
427
7
490
16
323
53
512
171
507
109
536
42
405
328
576
65
255
424
344
185
64
232
393
537
336
3
480
379
89
540
254
572
488
382
25
308
152
395
101
284
341
100
537
286
498
184
203
74
385
388
105
535
284
519
53
284
207
357
58
64
322
75
495
457
263
441
426
552
559
337
409
36
245
105
140
450
151
449
480
573
210
412
107
18
319
1
158
442
543
234
252
318
107
113
207
482
201
479
424
69
219
428
43
377
551
343
397
521
58
391
425
455
544
525
419
33
128
536
277
490
469
532
11
530
468
464
27
535
585
162
332
287
281
385
130
532
473
159
46
419
513
435
551
412
320
59
202
357
436
581
550
308
375
363
569
322
5
432
329
296
314
496
287
559
376
80
280
475
335
358
406
538
133
380
393
328
320
106
320
49
314
487
536
252
317
256
139
60
72
229
408
380
216
108
430
273
593
295
571
246
460
143
314
240
547
389
496
107
286
98
430
392
263
400
259
341
