1000
0
0
1
1
2
3
3
4
4
5
5
6
6
7
7
8
8
8
9
9
9
9
9
10
11
13
13
13
13
13
15
15
17
17
17
18
18
20
20
21
22
22
24
27
28
29
29
29
30
31
31
31
34
34
35
35
36
36
37
39
40
40
40
40
41
41
41
43
43
44
45
45
46
46
47
47
48
48
48
49
49
49
51
52
53
53
54
54
54
58
58
58
59
59
59
60
61
61
61
64
64
65
66
66
67
68
70
71
73
73
73
74
74
74
75
75
75
75
75
77
78
78
79
80
81
83
83
83
84
84
85
87
87
87
88
88
88
88
88
89
89
89
90
90
90
91
91
91
91
92
93
93
94
94
95
95
96
97
98
99
100
100
100
101
101
101
101
102
103
103
104
105
105
106
106
107
107
108
108
108
110
110
110
110
111
111
113
113
113
114
114
115
115
115
118
118
118
120
120
122
122
126
126
127
130
130
130
131
133
133
133
135
135
135
135
136
136
137
137
137
138
138
139
140
140
140
142
142
142
143
144
145
145
145
145
146
147
149
149
150
150
151
151
152
153
153
154
154
154
154
155
156
157
157
157
158
158
158
159
159
160
161
161
161
163
164
165
166
168
168
171
171
172
173
173
173
173
174
175
176
176
176
177
178
178
178
178
180
180
180
181
181
181
182
182
182
183
184
185
186
187
188
188
188
188
189
190
190
191
192
192
192
193
193
194
195
196
197
198
199
199
199
199
200
201
201
201
201
203
205
205
206
206
206
207
209
210
211
212
213
214
214
214
215
216
216
218
219
219
219
221
221
222
222
222
223
224
224
224
225
225
225
225
226
227
229
231
233
234
234
235
237
237
237
238
239
239
241
242
242
243
245
245
247
247
247
247
248
248
248
248
250
250
250
250
250
250
251
251
251
252
252
252
253
253
253
254
254
255
255
256
256
256
257
258
259
259
260
260
260
260
261
261
262
262
263
263
263
263
265
265
266
266
267
267
268
269
269
269
269
270
271
271
272
272
273
273
274
276
276
277
277
278
278
279
279
279
280
281
281
281
282
283
284
284
284
285
285
285
286
286
287
287
288
289
294
295
296
296
297
297
298
298
298
298
299
299
299
300
300
300
300
301
302
303
303
303
303
304
304
304
304
304
305
306
306
307
308
308
309
310
311
311
311
312
312
313
313
314
315
316
316
316
317
318
318
318
319
320
322
322
323
324
324
324
325
325
326
328
330
330
331
331
331
332
332
332
332
333
335
337
337
338
339
340
342
342
342
342
342
343
343
344
344
345
345
345
346
346
346
348
348
349
350
351
351
352
352
353
353
354
354
355
355
355
355
355
355
356
356
360
360
361
361
361
362
362
362
363
364
365
365
366
366
367
369
370
371
371
372
372
373
375
376
376
376
377
378
379
379
381
381
381
381
381
383
383
384
385
385
385
385
386
386
386
387
387
391
391
391
392
392
393
393
393
394
394
394
396
396
396
398
400
400
401
401
401
401
402
404
404
406
406
406
406
407
407
407
407
408
409
409
410
411
411
412
413
414
415
415
415
415
416
416
417
417
419
419
420
420
420
421
421
423
423
423
424
424
425
425
425
425
425
425
426
428
428
429
429
429
429
429
431
431
432
434
434
434
435
435
435
437
439
439
439
441
442
442
442
445
445
445
447
448
448
452
452
453
453
454
454
454
454
455
455
456
456
457
458
458
458
458
459
460
460
460
460
461
462
463
463
464
465
466
468
469
470
470
472
472
472
473
473
474
474
475
475
475
475
476
476
479
479
479
479
479
479
482
482
483
483
485
485
486
488
488
488
489
490
491
493
493
494
494
494
496
497
498
498
500
500
500
501
502
502
503
503
503
503
504
504
507
507
508
508
509
510
510
510
510
510
511
511
511
512
512
512
514
515
515
515
516
516
516
519
520
520
520
520
520
521
521
521
522
522
523
523
523
524
524
524
525
525
526
527
527
528
529
529
530
531
531
531
531
531
533
533
533
534
535
535
535
535
536
536
536
538
538
539
540
540
541
541
542
542
542
543
546
546
547
547
548
548
549
550
550
552
552
553
553
553
554
555
556
557
558
558
559
559
560
560
560
561
561
561
562
562
562
563
564
564
564
564
564
565
565
566
567
568
569
569
569
569
569
570
572
572
572
572
572
572
573
573
574
575
575
576
576
577
577
577
577
578
579
580
580
581
581
582
583
583
584
585
585
586
586
588
589
589
590
591
591
591
593
593
593
593
593
594
594
595
595
598
598
598
599
599
599
599
600
