1000
277
135
524
178
570
589
172
171
461
83
426
61
317
221
376
567
100
158
146
225
60
364
512
270
88
110
210
460
276
470
222
40
316
215
424
252
164
9
279
598
503
111
435
237
386
178
161
562
150
99
103
300
212
369
539
94
442
429
145
521
173
529
497
342
206
384
534
199
381
431
251
17
330
345
37
101
559
503
154
219
223
554
560
435
448
479
598
269
20
190
476
594
51
318
155
58
350
4
381
27
108
525
233
274
396
463
269
114
301
502
488
306
206
346
565
428
308
591
252
160
187
474
157
460
363
420
355
569
548
88
46
154
142
219
342
456
176
441
586
355
367
15
466
224
488
593
572
106
318
416
266
361
299
154
250
561
338
159
486
344
536
318
455
493
251
137
437
59
234
214
489
515
582
352
265
300
9
247
504
46
49
1
5
553
435
531
216
576
77
113
421
561
342
439
522
589
133
153
13
507
482
113
224
425
157
2
362
535
429
599
472
354
206
320
152
394
54
136
165
339
18
490
594
218
527
142
261
473
520
147
178
272
332
4
200
3
48
494
101
113
248
300
85
353
379
263
242
577
383
225
583
88
360
195
381
381
372
252
462
298
331
261
474
361
498
260
355
156
149
540
145
485
29
491
53
106
566
199
409
516
279
87
262
510
88
309
343
423
281
289
256
283
54
314
267
182
564
107
298
67
298
6
11
429
145
407
401
324
103
108
8
356
105
70
30
392
102
332
530
143
322
346
130
181
13
126
83
9
391
523
254
97
88
286
473
260
191
569
400
447
61
159
580
415
93
560
253
373
138
34
543
533
73
531
349
538
393
297
192
417
89
285
13
247
196
453
120
324
188
416
362
91
415
524
53
479
137
71
115
91
66
260
573
91
483
563
9
520
425
161
181
58
36
59
458
394
526
549
425
95
135
260
574
311
271
75
541
553
43
158
201
22
135
352
378
500
569
306
181
442
87
420
110
192
577
383
36
229
40
414
248
335
41
262
593
520
535
353
533
452
411
250
282
24
269
391
531
360
550
519
238
569
457
595
475
101
180
108
413
6
251
371
285
224
64
575
402
593
258
385
324
250
149
281
458
248
133
41
428
562
483
15
516
199
136
188
303
296
520
445
138
231
348
591
500
542
355
469
177
75
277
585
406
122
379
205
333
393
547
100
21
35
216
61
465
225
366
417
577
140
475
502
188
101
432
253
564
130
564
525
546
299
310
118
434
74
515
460
74
307
268
425
542
356
250
157
83
256
386
425
84
302
8
548
355
514
0
166
337
115
201
552
142
555
219
542
140
342
263
546
572
304
453
48
242
445
560
396
284
1
598
269
31
243
118
550
241
431
577
470
211
175
13
225
265
394
527
180
556
510
511
34
237
137
176
256
237
207
408
40
188
44
284
524
351
247
319
213
126
458
0
250
476
221
362
583
312
593
92
410
49
226
578
564
512
131
227
171
552
193
271
254
89
316
257
421
110
536
355
84
442
593
533
520
409
272
535
248
558
78
110
194
573
49
298
235
10
20
599
325
370
316
158
39
90
387
54
17
255
303
547
459
183
120
425
558
479
419
174
3
454
510
521
326
189
569
439
580
342
330
429
7
313
538
600
472
366
420
151
184
503
372
287
485
29
45
396
376
198
267
516
464
259
531
118
115
354
328
80
585
332
205
93
151
434
214
7
295
311
454
245
337
507
311
419
564
17
304
263
222
501
173
479
9
287
475
294
180
111
375
313
472
429
463
448
13
163
452
182
74
95
135
412
5
35
173
222
73
199
161
332
406
595
75
572
245
18
140
323
511
498
344
31
182
304
59
90
150
186
209
201
346
434
456
190
565
297
253
65
43
439
411
345
541
45
377
599
285
515
572
87
404
493
345
304
599
400
460
509
401
278
340
75
234
64
508
386
29
576
40
127
494
239
303
68
58
259
407
41
178
503
385
559
168
144
406
22
176
322
482
512
562
273
376
79
343
572
331
393
407
91
280
312
588
145
81
192
531
133
479
154
586
153
504
325
365
508
8
239
278
381
122
315
104
203
348
308
130
407
98
299
511
392
591
494
401
273
48
454
201
263
47
247
535
572
458
423
114
475
406
371
445
579
590
575
365
100
139
168
266
496
52
510
510
398
107
255
584
96
523
197
581
276
288
391
528
522
286
385
540
304
47
455
424
296
250
488
90
523
305
303
561
404
479
73
401
521
75
331
31
300
105
529
351
193
553
66
279
500
214
536
454
557
173
284
415
415
468
94
185
581
78
568
361
387
281
423
385
28
89
