1000
0
2
2
3
4
5
6
7
7
8
8
8
8
9
9
10
10
11
11
12
13
13
13
13
14
15
16
17
17
17
18
18
19
19
19
19
20
22
22
23
23
25
26
26
27
27
27
28
28
28
29
30
31
33
33
33
35
37
38
38
38
39
39
41
41
42
42
43
44
45
45
46
46
46
47
48
49
50
51
51
51
52
52
52
52
53
53
54
54
55
55
55
56
56
56
56
57
57
57
58
58
58
60
60
62
63
63
64
64
66
66
67
67
68
69
69
71
73
74
75
76
76
76
76
76
77
77
78
78
79
79
79
79
79
79
80
80
80
80
81
82
84
87
87
88
88
88
90
90
90
91
91
92
93
94
95
95
95
96
96
98
98
99
101
101
101
101
102
102
103
103
103
105
106
106
107
108
108
109
109
110
110
111
111
111
111
111
111
114
115
117
117
117
120
120
121
121
121
121
121
122
122
122
123
123
124
125
125
125
126
126
126
127
127
128
128
130
130
132
134
134
134
134
134
134
139
139
139
141
142
143
143
143
143
144
144
144
145
146
147
147
149
149
150
150
151
151
151
151
152
153
153
154
154
157
157
157
157
157
159
160
160
160
160
161
162
162
163
163
165
165
167
167
167
168
169
169
169
170
170
171
172
172
173
173
173
174
174
176
177
177
178
179
179
180
180
181
181
182
182
182
182
184
184
184
184
184
184
185
186
186
186
187
189
189
191
192
193
195
195
195
195
195
195
196
197
198
198
198
199
205
205
205
206
207
207
207
209
210
210
210
211
212
212
213
213
214
214
216
216
218
218
219
219
219
222
222
223
224
224
226
226
226
227
227
229
229
229
230
230
231
231
232
233
234
234
235
235
235
236
236
236
237
237
237
238
238
238
239
239
239
239
239
241
241
241
241
242
242
242
243
243
245
247
247
249
249
249
250
250
250
251
252
253
254
254
254
255
255
255
255
255
256
256
257
257
258
259
260
260
261
262
264
265
266
266
268
268
269
269
270
270
271
271
271
271
272
272
272
272
273
273
274
274
275
275
275
276
276
277
278
279
280
281
282
283
283
283
284
287
287
287
288
289
289
289
289
292
292
293
293
295
295
296
297
298
299
299
299
300
300
301
301
301
301
302
302
302
303
303
304
305
305
306
306
306
307
307
309
310
310
311
311
311
312
313
314
314
314
315
315
316
316
317
317
317
320
320
320
320
321
322
322
322
322
323
324
326
327
327
328
328
328
329
329
329
329
331
331
331
331
333
334
336
337
338
339
339
339
339
340
342
343
343
344
344
345
345
346
346
348
348
349
349
350
352
352
353
353
354
355
356
357
358
359
359
359
359
360
360
361
361
362
364
367
368
368
368
369
372
372
372
372
373
373
373
373
374
374
374
374
375
376
376
377
377
378
378
378
379
381
382
382
383
384
385
385
386
386
388
389
389
390
391
391
391
392
394
395
396
397
398
399
399
400
400
401
401
401
402
406
406
407
407
408
408
408
408
409
409
411
411
412
413
413
413
414
414
415
416
416
416
417
418
418
418
420
420
421
422
422
422
423
423
424
424
425
426
426
426
427
427
428
430
430
430
430
431
432
432
432
432
432
433
434
434
435
435
436
436
436
437
437
437
437
438
439
439
440
441
441
441
442
442
442
442
443
444
444
445
446
446
447
447
447
448
449
450
450
450
450
450
451
451
451
453
453
453
453
453
454
455
455
456
458
458
459
461
461
461
462
462
463
464
464
464
464
464
465
465
465
466
466
466
467
467
468
472
472
473
473
473
474
475
475
475
476
476
476
476
477
477
477
477
478
479
480
480
481
482
482
483
483
484
484
484
486
488
488
491
493
493
494
494
494
494
495
495
496
496
497
497
497
498
498
498
498
499
500
501
502
503
503
504
504
505
506
506
507
507
508
508
509
511
511
511
511
511
511
512
512
513
513
513
513
513
517
517
517
518
518
518
519
519
519
520
520
521
521
521
521
522
523
524
525
525
526
527
527
528
528
529
530
530
531
531
532
533
534
534
535
535
535
535
537
537
537
537
540
540
541
541
542
542
542
543
543
543
543
544
544
545
545
545
545
546
549
549
550
552
554
555
555
557
557
557
558
558
559
560
560
561
562
562
563
564
565
565
565
567
567
568
571
572
572
572
572
572
573
573
574
575
575
575
575
575
575
575
576
576
576
577
577
578
579
579
579
579
580
581
581
582
582
584
584
585
585
585
588
589
589
590
590
590
591
592
592
593
593
593
593
595
596
597
597
598
598
599
600
600
