1000
184
374
577
434
283
540
310
130
54
191
10
230
502
17
172
503
56
134
231
572
475
537
37
232
511
121
465
525
408
345
241
213
520
537
255
409
258
435
521
22
543
373
226
218
348
305
56
78
432
241
38
96
584
199
287
254
69
169
227
573
144
210
493
189
339
560
413
101
174
28
388
63
77
408
305
545
482
45
600
126
498
143
87
23
110
43
462
373
441
299
535
442
391
495
159
329
545
407
125
80
557
415
400
302
378
342
359
513
67
271
67
149
534
88
107
103
356
76
399
436
91
55
465
49
10
582
568
354
102
76
55
382
75
182
186
482
378
494
317
288
33
146
518
503
433
511
271
374
593
314
414
314
473
19
466
111
79
521
276
91
180
300
182
520
374
274
139
165
306
168
66
223
322
320
472
121
109
373
402
414
438
512
561
447
445
272
153
132
227
519
184
182
79
299
241
575
48
134
506
436
236
477
157
572
292
26
296
177
309
151
541
250
464
218
165
322
289
120
582
412
379
373
430
506
372
11
27
272
474
7
239
234
508
41
420
558
383
576
147
98
122
157
111
400
178
162
593
187
28
275
249
484
180
575
210
42
289
331
106
359
117
276
181
114
14
179
507
407
562
173
167
399
427
545
552
250
581
237
418
39
235
11
416
359
17
368
106
581
500
209
443
597
592
197
150
205
535
418
358
33
578
127
464
320
476
508
287
169
580
368
397
275
328
590
596
45
17
575
437
353
250
120
458
139
22
23
198
20
448
51
386
430
0
247
310
206
82
269
565
416
51
558
367
496
128
450
416
352
467
408
163
557
432
102
211
268
46
521
511
19
426
345
8
519
56
576
498
535
62
579
314
90
555
25
519
127
458
170
466
537
145
4
455
411
52
195
441
94
372
229
13
599
139
396
195
254
572
451
425
422
224
8
50
141
360
249
326
266
157
108
144
143
289
572
344
328
253
544
38
441
527
247
173
381
38
124
542
60
115
27
428
413
328
13
432
409
161
417
494
101
292
101
229
315
174
377
420
430
142
461
198
64
522
26
530
93
437
268
521
157
57
74
453
451
423
488
543
480
444
472
523
236
103
283
193
418
378
33
273
372
476
573
401
331
163
255
446
465
422
349
477
160
422
271
444
270
195
79
279
306
401
322
455
278
282
195
160
134
256
53
307
477
302
303
150
528
242
198
507
493
315
143
453
205
317
512
303
256
461
299
134
542
260
125
394
298
224
579
249
66
186
395
439
261
39
84
589
8
338
64
588
406
213
450
117
311
63
185
52
517
111
497
205
427
226
266
229
392
368
339
110
337
385
473
171
144
525
426
121
13
7
52
12
565
598
432
327
464
361
579
42
590
447
111
6
167
71
147
167
340
95
281
598
560
513
450
128
81
369
121
54
592
96
226
505
239
79
301
437
352
243
494
95
386
481
46
355
313
450
316
468
511
545
343
207
406
301
442
151
549
233
195
593
529
95
76
239
585
270
257
237
527
297
498
546
9
483
589
192
526
143
494
105
289
15
28
295
80
413
239
475
524
518
151
464
534
376
595
58
567
149
339
535
437
207
275
189
231
467
101
518
52
214
304
488
361
51
543
108
19
480
563
283
273
544
362
277
513
295
69
476
76
214
302
353
331
479
528
58
117
98
385
60
491
90
513
451
109
382
585
411
484
90
421
255
237
41
245
454
2
31
160
184
103
477
222
173
216
391
210
329
349
359
255
531
346
182
453
537
169
18
442
88
431
312
478
264
364
111
572
574
134
195
80
170
207
436
160
77
590
230
27
274
269
252
235
439
257
554
212
442
219
29
92
80
447
30
453
76
121
461
579
123
585
475
576
58
408
509
259
216
389
430
8
398
532
78
87
154
584
372
334
311
517
320
550
466
126
157
111
172
542
389
13
473
176
301
320
464
513
424
348
424
462
126
432
593
327
184
453
47
177
73
293
9
499
504
384
449
179
495
575
504
55
423
577
219
134
255
376
254
287
543
567
46
2
265
517
511
162
238
331
18
130
260
450
152
339
336
68
186
57
271
181
317
530
329
456
591
434
391
497
79
151
555
219
575
559
184
575
301
323
238
262
435
333
316
597
440
79
565
57
324
322
446
346
19
426
564
390
329
44
360
16
377
307
35
53
242
280
496
498
343
350
272
401
234
99
154
557
476
212
241
284
293
222
5
88
344
541
531
484
562
153
251
600
374
540
575
501
459
571
235
125
196
549
375
236
272
357
122
56
311
242
184
123
306
463
533
300
511
3
243
321
486
239
122
483
238
497
