700
8155
3982
9342
6856
9984
7256
7564
3687
4602
9057
5746
2449
4707
7332
7336
6383
5209
9378
3574
2105
9947
7951
3797
5621
4688
3866
419
5562
9927
5527
7808
5648
4760
6859
4070
8327
7978
3236
8101
4256
3982
2450
8252
523
7656
7605
8788
238
5597
9588
2278
382
8680
6391
7341
9789
6855
3650
8038
1345
4819
4943
4404
2893
5661
7719
64
9550
1491
7932
2525
5828
1
5318
3929
7499
2213
280
784
1733
5819
7822
5995
5109
2695
9414
6950
3691
9041
2296
4767
7111
2009
8354
6281
1932
5276
1557
8928
3234
2480
9846
4839
9575
393
8674
5486
5300
750
8561
9424
6904
8069
7061
7880
7363
123
1295
3811
4497
3072
3438
3296
3553
2031
2662
804
3600
3467
153
8347
1463
3700
6692
8921
1966
4329
6585
334
8843
6024
9620
6327
6491
1425
8876
2113
7708
1128
2968
1305
421
3881
1787
7567
5890
9030
8893
1609
2207
7868
2056
3348
880
7796
7884
6405
7084
6805
191
6749
8356
4854
6901
3131
8531
1697
4663
1995
3
4260
4691
7804
5977
3665
6080
8208
7039
9380
8876
7628
8701
1189
6933
3167
5107
4483
3856
4192
1988
5201
1481
3919
8914
893
1959
3886
5731
683
7947
217
9581
8160
2149
0
5667
8186
1347
5349
4316
413
1415
5264
2236
4344
2980
5665
6897
5894
4197
1885
4236
2673
2938
4873
7002
6417
2384
2725
7695
529
4859
5583
5854
6002
3762
600
1670
4474
6488
5364
3260
6260
9106
3227
5873
91
5178
8284
4833
2849
5327
6961
6088
3849
599
5182
640
5093
2898
243
5355
3849
5692
5425
7529
7166
4254
8441
4551
5379
1282
8624
8516
9230
2897
3343
3249
8848
4586
86
8805
7399
9682
6225
5338
2637
7443
9826
5719
1885
7955
6094
1067
710
5569
4
5779
4344
9437
1079
5144
6219
2373
3885
2904
6526
7288
4849
4911
7725
5913
8563
977
2652
5394
5935
1079
4225
2210
2314
372
2990
3989
5832
9971
8795
6190
843
1903
7890
7123
9926
6878
3812
7605
9232
5307
1561
8683
6548
223
1733
586
7525
5547
4406
6531
7279
5140
137
7353
9257
5547
9388
333
198
5384
8430
2104
922
4835
1955
5860
6794
6446
2196
8647
3164
274
7907
8846
6910
7861
3611
6338
3426
3029
9926
2073
7815
2100
9241
9019
8019
8207
3946
3439
9724
3436
9010
754
694
2064
8797
3188
6758
3019
3437
1839
4133
1153
8655
4468
9329
245
3269
1348
5453
8884
5970
7207
5545
3227
6405
9693
9948
2501
381
4351
3405
9045
5018
4481
5954
6893
2996
7254
7839
6073
6885
32
224
5755
3137
9827
8162
2788
2054
2196
411
9243
3822
5251
4378
6157
3457
1106
5609
5441
9416
4897
9183
8550
3196
5224
7890
9100
5741
7136
7817
4204
815
4542
3632
1909
2574
7437
9797
2612
2994
5431
9615
2047
1805
5407
7630
6734
9553
1566
8429
5958
8560
5369
7668
2611
6715
8475
1338
7346
6299
7332
5288
5385
8990
5390
8937
1075
8489
855
8141
8443
5997
2000
5037
692
2116
337
1272
242
9386
3558
4940
2121
7320
9035
3777
7665
507
2767
9807
8642
6147
3672
5968
1986
1256
5171
7935
2664
183
6421
7039
1724
8891
6372
3001
6605
9590
507
3214
206
4446
2238
6955
4430
2389
1786
7274
7634
3472
6519
4116
5906
1353
7982
8644
6045
2816
9457
151
6425
5788
5387
9808
7147
2607
4742
1592
9055
1272
930
4210
4821
4706
3128
3980
4568
7322
4156
7570
6908
206
5832
6861
7171
7616
8763
9209
9548
2010
7309
6260
9306
4267
1213
1105
5356
3967
3338
4797
8350
493
5754
9401
7307
2667
2602
4053
4828
3132
9283
1902
866
3129
4229
6975
6540
5197
5091
2451
3077
7721
6299
3546
2014
9113
5487
3225
8579
5310
3237
4828
4381
2826
2407
9591
2004
9451
5800
5626
3806
6078
6900
2354
7672
4133
1587
4572
6655
8515
9226
3685
9339
2579
3181
622
9242
9337
901
251
6677
8208
9738
4825
5985
3715
1837
1391
8980
8807
8149
574
3713
8261
7860
2610
3026
7574
6773
5899
3041
1047
6228
5573
7075
4843
969
7826
5121
