1000
122
704
756
170
229
788
743
399
433
937
425
194
380
913
480
799
924
388
266
944
744
120
288
825
261
175
267
774
309
517
918
706
114
957
811
861
489
87
521
184
945
615
331
400
682
757
612
453
602
437
423
70
386
771
835
259
328
389
435
327
438
596
723
328
879
903
446
228
714
550
821
41
423
81
746
720
478
619
570
695
375
286
713
555
388
76
640
159
746
935
9
171
62
614
835
803
845
348
481
546
124
222
252
716
270
561
993
45
668
662
77
209
598
708
789
153
960
304
779
399
280
626
522
206
115
799
690
152
215
503
695
101
147
115
164
342
211
13
389
187
384
795
394
943
324
257
367
350
443
754
752
391
181
683
34
324
128
844
341
715
570
443
981
993
867
359
904
178
161
439
2
263
638
45
580
652
212
890
107
957
57
430
900
172
629
76
53
514
384
960
711
488
81
574
872
512
593
89
196
437
285
20
596
739
194
744
255
437
563
203
540
417
727
449
362
242
862
738
310
58
305
712
556
914
225
162
265
7
871
186
141
603
891
664
638
309
640
473
807
405
165
136
55
401
815
486
54
221
641
553
995
490
790
759
136
110
813
309
479
187
330
824
678
167
510
143
565
608
741
347
41
809
205
596
225
206
582
794
485
960
293
29
430
285
850
857
944
247
410
801
604
799
799
998
507
806
466
341
37
872
635
67
735
829
351
365
483
941
833
480
938
232
75
881
84
831
315
51
551
906
67
995
430
455
416
313
993
340
220
213
746
145
375
660
944
365
768
102
564
867
650
892
145
408
954
467
152
972
820
600
49
755
965
287
375
367
619
412
410
580
368
749
696
847
142
802
381
884
908
690
982
82
326
971
678
125
524
310
880
937
57
804
667
381
795
905
635
99
578
716
236
739
713
624
258
879
370
610
20
870
166
334
54
48
306
297
126
587
629
533
918
136
366
917
736
861
514
645
696
176
586
988
75
204
420
633
885
211
392
711
536
441
371
991
544
912
504
864
692
149
434
854
143
591
806
596
372
775
245
631
752
832
712
672
977
269
868
61
709
73
989
662
733
855
614
311
432
542
830
910
228
305
942
659
735
745
127
159
507
663
625
962
336
257
863
61
52
648
238
513
390
972
211
362
992
733
324
459
906
31
598
351
42
480
862
241
10
90
604
17
450
280
930
796
836
510
250
470
519
897
221
343
443
256
8
687
283
334
32
439
641
773
502
382
139
57
270
988
459
886
721
855
924
534
475
791
880
171
671
304
943
549
334
964
689
569
934
418
861
839
735
55
730
262
65
935
474
790
433
728
247
745
498
52
157
335
96
625
727
188
128
478
78
216
652
916
772
900
203
566
679
284
540
31
65
565
594
999
164
691
155
753
506
847
531
900
690
5
774
292
399
286
91
676
434
470
796
939
280
651
169
816
215
552
316
115
777
462
383
201
243
134
561
923
608
837
568
956
118
372
113
181
826
275
979
727
687
858
985
628
809
180
510
419
240
728
274
174
560
101
755
497
677
57
583
394
660
998
965
239
893
130
372
48
557
97
635
50
847
177
400
277
626
650
892
35
934
448
851
446
912
294
249
364
29
289
888
73
499
942
159
866
19
641
468
1
243
243
977
578
840
934
204
409
872
185
929
85
549
907
171
477
510
165
63
726
976
433
273
406
553
801
16
936
677
949
652
444
457
501
32
154
53
423
930
851
7
325
272
805
522
278
269
705
502
327
32
810
537
462
677
363
978
115
429
445
38
420
681
917
164
11
564
239
411
629
878
449
443
90
804
645
376
429
493
244
683
279
0
740
148
820
185
750
706
929
506
510
954
983
254
8
462
529
513
963
492
815
411
901
295
277
755
547
780
755
848
907
139
577
899
168
989
454
128
137
484
637
467
263
6
965
184
160
819
892
947
85
638
815
493
412
97
896
720
499
800
557
146
970
168
873
917
939
616
81
639
817
533
285
253
2
844
808
354
851
561
798
718
470
860
714
897
58
627
257
607
560
146
526
174
445
327
779
450
89
554
193
545
850
305
372
962
781
67
605
649
307
618
741
869
60
219
59
115
499
226
779
787
582
718
948
432
232
755
491
478
580
375
705
531
960
452
702
359
484
972
840
560
598
835
420
622
547
414
575
590
395
409
506
522
690
846
488
701
71
322
758
909
27
553
830
825
639
250
95
785
98
965
860
988
318
352
727
236
582
953
826
895
126
614
354
479
215
384
409
841
245
942
790
475
495
998
643
446
691
470
139
146
131
672
270
961
296
188
274
915
945
720
376
