1000
5601
7389
6474
9427
7758
9513
3847
6874
1822
2679
3154
5740
4687
1753
7634
5332
341
9641
2595
191
9403
1740
8652
3816
2615
9683
2393
9196
6521
6848
1034
7948
7728
2101
2823
9808
137
1208
862
7848
965
9795
411
8734
3893
6279
8771
8728
4485
7425
9740
1625
8690
9525
1324
4487
7033
3767
1693
3975
1854
7656
4938
9508
1189
7645
9129
5087
81
5548
2853
9168
5479
16
4855
603
2494
2603
8784
4782
2261
8875
2581
1623
8368
4741
9943
2642
4625
7166
1293
1199
2543
9401
7601
3186
1014
6634
3413
4612
9626
4697
6416
2791
3865
4371
4728
5767
5725
7930
5901
9180
6458
8620
2384
3596
1146
7585
6062
1917
1378
1805
7261
5128
5281
438
7394
2233
3205
7104
1533
2979
7929
8756
8594
9153
8895
751
9220
8167
4646
7159
7887
2854
4600
5960
2562
6270
5123
2220
9544
9550
4706
4777
114
7671
9863
6963
9602
142
8631
8211
742
6176
914
7680
5824
2417
2541
3946
6398
4189
2590
9062
7274
5807
4083
2690
8928
2351
1680
7082
6311
4838
6499
1059
5070
8798
6293
1525
373
5349
8320
9286
8261
3648
2664
3537
2637
6667
8903
5430
7786
1566
6424
5419
2002
860
9503
1552
6445
7557
612
3471
6224
6635
4842
5842
2823
4786
8176
9183
9438
3121
9284
4079
8205
9861
9823
76
4782
8388
225
152
5996
5934
7721
6826
8698
5616
6960
6308
4556
179
1763
6272
614
7217
1740
1224
8608
8552
2716
53
6514
3878
1879
9296
7058
9908
7739
6276
8583
1648
6318
7668
3593
5938
4148
5800
167
9760
9866
7859
4676
6413
2146
5664
1566
7884
2331
9003
2605
9570
2540
9500
5653
5049
4860
2925
3160
1905
2193
8157
4715
4162
9908
8381
4067
6124
6301
6552
4828
9631
3361
1040
3414
1638
500
9075
7468
8238
4588
5005
9714
4261
5764
2950
314
174
1977
4028
19
6257
9477
2683
9983
4302
5253
7785
4048
274
6521
1375
1182
6498
7528
9345
5143
3940
46
2494
2884
6254
499
450
8771
9478
6248
8233
9350
1672
4497
1487
8232
1590
3689
6403
7159
2505
935
8634
4915
3206
2332
2495
6929
7388
8405
328
4076
746
3139
1892
4697
3902
1380
2160
1957
1863
8317
8073
3581
5324
5271
3291
9465
3909
6036
9704
7415
8215
4156
3701
8352
6798
6200
1614
5000
9618
2250
3402
2967
8652
5191
2121
7167
5330
2914
9785
7418
9502
855
1048
6930
2061
9552
1124
6220
9843
8759
4046
9874
2171
3673
7406
4011
6364
5587
9503
9657
7064
2204
3851
7566
3662
7663
6993
556
2367
8787
3650
1144
4845
2216
828
2746
8768
177
9134
2836
8386
5416
7514
6460
3290
4242
1800
3944
9238
8369
5863
4085
2833
2672
8286
6868
20
9374
4001
3122
4584
4986
6911
6514
874
6279
1160
3737
5448
8556
5308
4981
6872
6859
3343
9403
887
1579
360
9020
2078
3013
2073
1587
2737
8920
9977
5469
4050
9721
8460
4933
82
6346
3860
6876
1240
245
5489
738
3290
9094
6084
5795
7191
5315
7713
3905
5143
3304
8835
345
7546
7779
9609
6629
5165
3465
5614
5374
2940
4675
4054
5051
2849
5528
2420
7434
5402
7240
3273
3210
7209
7651
8968
1459
2597
5940
4164
9954
2909
2285
6858
9973
653
6560
9595
4767
5401
6727
1010
5305
3942
5632
6452
9574
4360
3417
8325
5825
7878
4308
7286
3284
8346
5191
3116
4359
2052
3891
7149
2004
4462
7726
6372
7427
7178
2799
9780
4327
7288
4469
120
6772
4052
3749
1561
7659
5404
7359
7129
1875
9647
604
3020
6822
4816
3717
9558
1093
2458
3203
9631
5897
3837
9598
9987
3879
2711
6404
6295
1535
5695
1401
8406
2225
1866
2661
4969
157
2272
2591
6021
5110
1912
1940
7309
3553
5936
9155
7608
8064
185
504
8878
149
4575
4467
5341
2837
1047
8740
136
9180
9841
6966
4926
4438
2620
9269
616
1761
2920
7981
764
1565
135
928
2719
3292
4701
5700
1880
4620
8727
6759
7119
3406
7288
63
5620
1314
2142
611
187
4129
5794
5407
5253
9862
942
9384
3355
9290
1402
5773
4323
9164
3247
9957
5605
8521
220
6043
1831
6621
1063
2899
3221
8262
5339
5848
7020
5744
9679
9267
3797
2147
648
9098
1231
4966
2197
1443
4389
9966
8487
6595
1439
6999
7604
5991
3588
3997
7329
4142
4620
4711
9084
8209
1940
1137
9644
4080
3323
9205
3472
7467
2009
8742
4916
2361
6960
3848
5187
6840
8714
4879
566
2114
9474
4930
8826
9145
1422
6251
5343
9263
4138
319
444
1524
4192
3925
1584
2412
5635
3380
532
4252
7756
3661
8509
3153
1755
4370
5213
9278
6511
4209
9320
4720
5216
2626
2148
5919
6025
1177
4938
7043
3348
3655
2458
9776
9358
2755
6795
6048
8185
1009
9343
2380
7888
6957
9380
1591
9205
838
375
3430
2758
3178
5092
8624
4303
9737
5944
9726
6377
7736
1335
1950
9167
3093
1674
1242
8737
9362
4368
9536
8465
6608
8085
8414
3579
3162
5888
925
1442
8986
9174
871
805
7851
6556
5973
2945
7405
6585
6073
5408
4351
1146
3924
5231
4652
3072
2358
2797
7668
9764
4608
1663
9558
4298
5687
2800
2567
5347
776
5862
209
1228
8834
3344
2635
6660
4516
9579
4545
3771
4228
3812
9648
5526
7369
8968
7456
4239
9366
2278
3102
9354
2116
7558
2757
6738
7354
3748
7785
3585
2812
2596
9855
2126
4605
8153
2204
9601
3922
2465
3577
7074
708
5144
9408
8752
2561
3853
4837
7165
2592
3089
9844
5974
8256
7115
4467
5841
7724
7769
6595
7999
2332
9714
7609
449
9787
438
5939
2166
9057
6262
1881
3074
4781
7312
8002
6747
3872
8675
9392
541
952
7889
7961
2590
9351
722
4899
5563
7200
3237
6427
5248
2302
2002
4497
2567
2209
3451
5044
9640
4630
1856
9990
63
8497
2529
9547
220
410
4814
2051
1571
3681
395
1314
8595
