1000
6
20
25
27
49
52
67
72
72
87
90
94
109
112
118
120
146
154
169
182
189
209
209
223
228
231
240
249
252
262
266
270
286
288
308
310
310
320
356
364
364
366
376
377
384
392
404
418
424
435
447
464
476
497
499
507
510
519
523
545
568
578
596
612
614
617
620
630
644
671
673
682
683
685
685
688
714
734
739
748
749
751
753
759
771
779
781
784
793
796
801
801
805
807
811
812
820
826
852
856
857
859
870
881
903
919
927
945
950
959
963
980
981
988
995
1012
1013
1019
1025
1032
1033
1059
1061
1063
1066
1067
1068
1070
1071
1082
1085
1089
1102
1109
1131
1138
1142
1146
1174
1175
1176
1184
1189
1204
1218
1218
1224
1229
1237
1252
1264
1277
1287
1290
1302
1310
1311
1311
1314
1315
1318
1327
1358
1365
1366
1376
1379
1380
1386
1389
1390
1393
1402
1411
1412
1448
1451
1460
1479
1490
1490
1516
1524
1532
1536
1541
1547
1566
1588
1603
1613
1637
1641
1642
1661
1662
1666
1670
1671
1671
1677
1685
1692
1700
1716
1733
1738
1739
1750
1752
1755
1760
1803
1813
1841
1868
1886
1892
1897
1912
1921
1921
1933
1945
1953
1973
2001
2020
2036
2041
2060
2078
2095
2111
2112
2134
2153
2159
2163
2178
2183
2192
2202
2234
2245
2250
2258
2266
2266
2274
2285
2292
2306
2314
2321
2322
2323
2328
2331
2346
2352
2355
2356
2358
2359
2363
2370
2374
2377
2395
2396
2435
2436
2442
2442
2453
2458
2459
2470
2494
2518
2536
2537
2538
2555
2561
2579
2583
2594
2597
2620
2624
2627
2629
2647
2664
2701
2708
2713
2721
2722
2745
2754
2759
2767
2768
2779
2784
2789
2816
2856
2863
2869
2880
2891
2902
2909
2913
2945
2963
2978
2989
2995
2996
3036
3040
3050
3055
3073
3076
3087
3087
3091
3107
3110
3127
3139
3144
3150
3158
3192
3199
3205
3222
3223
3238
3239
3242
3273
3280
3296
3298
3315
3329
3345
3350
3366
3372
3380
3381
3387
3396
3400
3406
3406
3411
3426
3432
3441
3482
3492
3496
3497
3503
3527
3549
3562
3571
3576
3590
3594
3594
3612
3616
3618
3626
3627
3634
3634
3637
3641
3643
3649
3681
3687
3687
3700
3711
3725
3729
3771
3785
3787
3815
3818
3830
3856
3856
3861
3866
3876
3890
3895
3902
3905
3908
3938
3954
3959
3968
3979
3999
4007
4013
4024
4033
4035
4037
4070
4100
4129
4131
4135
4165
4171
4209
4216
4217
4228
4252
4266
4269
4289
4292
4294
4300
4337
4360
4362
4362
4373
4381
4382
4386
4387
4393
4416
4423
4424
4425
4427
4430
4436
4447
4454
4514
4518
4521
4545
4547
4555
4567
4571
4588
4612
4620
4632
4639
4645
4648
4665
4674
4685
4699
4714
4720
4737
4750
4774
4785
4795
4830
4834
4836
4839
4859
4862
4873
4878
4878
4888
4890
4904
4909
4915
4934
4937
4943
4944
4945
4951
4963
4965
4971
4978
4983
4984
4991
4992
5003
5013
5028
5028
5029
5032
5040
5047
5054
5062
5075
5076
5076
5084
5090
5108
5114
5123
5131
5146
5150
5151
5163
5164
5166
5192
5199
5199
5202
5211
5213
5218
5221
5224
5229
5265
5272
5273
5274
5294
5295
5314
5317
5326
5348
5367
5384
5387
5397
5400
5413
5437
5468
5484
5508
5522
5545
5547
5552
5553
5553
5568
5571
5585
5593
5617
5627
5647
5664
5671
5689
5706
5736
5753
5757
5766
5784
5789
5795
5796
5800
5814
5833
5854
5862
5882
5882
5895
5901
5904
5909
5934
5941
5947
5948
5952
5957
5958
5978
5982
5995
5996
6024
6042
6043
6076
6077
6088
6089
6095
6114
6122
6149
6162
6167
6173
6182
6196
6201
6215
6244
6249
6256
6261
6272
6277
6302
6319
6346
6349
6372
6382
6392
6412
6414
6416
6432
6441
6444
6468
6492
6493
6502
6519
6527
6528
6541
6550
6550
6571
6585
6604
6608
6624
6635
6649
6661
6666
6684
6692
6700
6702
6720
6727
6740
6748
6757
6768
6782
6786
6787
6803
6827
6833
6842
6850
6866
6895
6907
6919
6928
6933
6936
6945
6949
6951
6964
6977
6997
6998
6999
7021
7023
7025
7052
7061
7064
7070
7070
7087
7087
7089
7097
7102
7119
7131
7133
7158
7161
7163
7163
7163
7167
7202
7215
7220
7223
7228
7229
7278
7295
7300
7306
7311
7334
7336
7361
7363
7367
7375
7381
7388
7406
7408
7416
7419
7432
7435
7443
7458
7467
7485
7490
7502
7503
7514
7523
7534
7556
7577
7580
7584
7588
7626
7632
7637
7642
7647
7671
7688
7692
7703
7704
7719
7719
7737
7739
7741
7742
7775
7775
7805
7816
7818
7818
7828
7829
7841
7848
7862
7862
7880
7899
7901
7905
7906
7917
7922
7938
7946
7954
7961
7964
7973
7974
7982
7999
8001
8005
8012
8029
8033
8039
8061
8063
8093
8108
8115
8134
8140
8156
8160
8175
8175
8180
8184
8191
8211
8213
8223
8236
8243
8246
8263
8274
8275
8309
8329
8333
8342
8347
8357
8364
8365
8373
8380
8384
8397
8402
8418
8420
8431
8451
8472
8496
8506
8513
8522
8529
8530
8535
8537
8548
8562
8566
8568
8578
8602
8606
8611
8645
8690
8732
8735
8738
8757
8761
8778
8785
8790
8803
8803
8804
8806
8807
8813
8822
8828
8828
8841
8850
8851
8853
8867
8878
8894
8918
8938
8951
8952
8960
9001
9006
9012
9023
9082
9090
9094
9102
9113
9117
9121
9123
9146
9150
9158
9199
9241
9262
9272
9275
9292
9299
9304
9343
9348
9353
9355
9363
9373
9374
9396
9399
9407
9408
9418
9423
9428
9430
9430
9431
9437
9463
9487
9506
9507
9535
9543
9548
9550
9558
9576
9577
9581
9611
9611
9621
9649
9665
9668
9670
9674
9679
9688
9697
9700
9715
9738
9745
9756
9762
9781
9785
9818
9822
9822
9822
9830
9849
9873
9878
9879
9879
9890
9915
9934
9948
9965
9974
9994
9997
