1000
0
0
1
1
2
2
3
3
3
3
4
4
4
5
5
5
5
7
7
9
9
10
10
11
11
13
14
15
16
16
17
17
17
18
20
20
20
22
23
23
25
25
26
26
27
27
29
29
30
31
31
31
33
33
33
34
34
35
36
36
37
40
41
42
42
42
42
43
43
44
44
45
46
46
249
201
47
47
48
48
49
49
345
49
49
50
50
50
53
53
53
53
53
55
55
56
56
56
56
57
58
58
58
58
59
59
60
60
61
61
62
413
455
494
62
62
62
62
63
64
64
64
65
68
69
70
71
71
72
213
340
72
72
72
72
73
74
74
327
426
75
75
76
76
335
547
98
216
77
78
442
243
78
346
118
78
342
373
85
558
226
255
81
99
429
194
558
206
339
376
79
80
304
82
95
425
136
572
331
83
332
473
83
114
157
179
269
291
476
565
83
84
85
85
86
88
89
378
89
89
89
584
90
252
318
91
192
181
242
91
92
411
91
567
201
496
367
92
92
92
94
142
534
249
479
597
388
525
574
95
96
566
116
157
475
173
179
197
232
232
569
410
307
324
280
590
506
96
343
408
400
410
501
97
97
107
534
538
98
252
98
489
205
159
288
511
343
329
188
296
98
100
494
518
101
105
105
106
165
124
179
213
107
565
385
345
296
207
467
214
137
345
176
568
107
107
107
108
108
109
111
113
283
506
438
373
114
493
250
115
115
121
140
169
348
225
186
468
239
217
369
414
483
361
559
548
345
430
117
119
452
186
119
298
212
284
508
125
392
129
121
121
122
253
127
130
418
552
176
513
409
244
210
165
432
439
191
244
389
198
196
458
127
128
130
131
131
200
232
254
320
472
325
370
450
576
558
492
566
494
502
511
547
132
132
182
308
504
133
133
134
134
136
209
450
138
324
213
138
138
527
236
586
415
205
139
140
143
398
142
147
206
151
176
186
244
212
266
285
298
378
473
342
480
487
492
314
408
350
141
455
141
141
261
525
488
592
143
464
144
145
329
147
240
257
147
147
150
599
157
262
588
325
344
406
150
287
509
151
152
152
152
152
183
153
160
161
179
251
441
182
183
419
208
220
220
224
242
252
477
551
258
275
399
420
277
466
330
556
502
454
330
569
482
497
517
569
598
572
328
370
556
552
332
537
432
381
600
449
485
480
468
492
596
546
447
562
599
557
259
264
540
425
265
341
568
360
463
510
507
414
294
595
310
302
363
335
507
530
339
395
416
436
525
598
270
513
257
322
481
471
258
261
412
260
377
312
359
372
482
442
583
152
340
155
300
418
294
177
227
464
237
479
328
469
594
470
345
369
515
153
431
475
156
245
564
158
580
283
304
159
160
161
268
448
584
292
327
425
347
484
375
471
379
351
162
406
360
423
531
410
421
358
162
320
524
164
163
455
510
246
178
245
424
496
555
430
163
236
282
543
373
455
561
165
257
169
422
171
184
423
393
413
216
270
300
517
400
431
451
490
531
309
490
327
329
333
234
173
208
237
383
175
175
571
310
206
212
496
184
400
185
185
447
316
505
187
189
551
239
524
539
574
195
532
388
468
407
219
201
288
558
516
202
203
239
521
366
290
490
559
204
304
325
311
330
550
349
209
206
490
497
207
427
207
386
562
209
379
244
483
287
210
264
259
258
218
226
305
548
214
216
217
218
278
545
247
456
284
522
345
429
406
524
537
586
532
587
475
487
504
318
562
506
503
219
231
258
418
487
494
261
296
305
320
567
523
355
398
508
435
217
219
405
532
444
246
334
390
569
273
427
489
547
282
597
278
323
407
512
364
507
219
536
228
405
328
576
229
255
344
356
546
231
232
393
537
336
254
480
379
284
540
286
572
488
382
308
313
341
395
417
479
480
537
598
332
498
230
234
240
385
388
245
535
284
519
246
284
252
357
252
255
322
263
495
457
335
441
426
552
559
337
409
255
256
259
263
450
448
449
480
573
269
412
269
273
319
273
295
442
543
274
277
318
280
281
283
482
287
479
424
308
320
428
322
377
551
343
397
521
324
391
425
455
544
525
419
332
469
536
490
495
494
532
379
530
468
464
480
535
585
521
564
514
337
385
357
532
473
569
363
419
513
435
551
412
363
375
394
436
473
581
550
569
417
569
584
552
282
432
329
296
314
496
287
559
376
286
295
475
335
358
406
538
314
380
393
328
320
314
320
317
341
487
536
344
347
364
380
408
440
467
551
500
572
348
430
354
593
569
571
382
460
389
392
400
547
496
502
551
408
430
435
512
536
525
567
491
459
