1000
439
160
446
575
155
498
218
262
247
516
283
63
326
175
388
74
369
492
592
352
12
548
364
356
310
281
368
520
186
166
362
344
107
6
572
471
480
71
213
166
309
310
325
335
578
24
585
270
453
154
52
216
548
195
145
538
598
512
220
215
231
584
23
428
146
141
44
129
126
96
7
193
276
545
376
565
218
386
545
573
341
572
10
591
88
361
562
582
146
545
467
479
41
588
519
277
484
533
134
421
334
504
382
364
29
509
8
376
556
225
513
295
362
151
136
247
207
491
77
8
519
574
65
324
364
488
199
83
163
233
4
104
305
128
382
138
89
444
358
191
145
169
553
442
137
361
205
36
329
303
346
443
45
392
321
101
377
284
432
115
490
28
575
426
257
289
344
57
46
449
543
14
306
108
174
157
438
198
300
503
383
65
535
163
325
62
323
374
476
556
552
18
286
456
199
80
554
437
599
273
426
387
164
196
15
198
538
268
97
269
535
277
9
485
467
51
549
323
77
71
40
210
284
594
150
262
96
89
530
436
11
458
528
385
471
27
202
394
20
496
172
585
294
356
352
80
556
503
77
588
549
314
232
20
135
0
140
35
154
509
468
327
69
323
579
401
304
497
229
465
452
115
486
79
277
24
245
526
55
591
243
176
266
556
477
268
248
36
223
132
496
597
352
76
165
240
587
207
599
39
139
45
462
18
222
565
148
97
159
478
276
45
326
352
542
226
130
260
521
581
443
439
534
52
158
329
250
31
53
468
529
386
6
238
86
331
371
582
3
67
27
382
149
474
61
267
600
579
166
491
553
207
276
562
193
513
501
488
91
599
176
54
71
169
368
594
330
477
112
147
506
326
344
516
325
114
397
579
284
277
9
319
325
234
507
88
511
551
92
149
191
176
16
341
157
473
125
22
241
22
326
411
196
135
157
591
261
148
462
176
555
513
32
6
52
327
158
67
399
279
402
379
502
384
595
413
564
151
389
364
385
331
232
160
444
518
292
215
493
387
424
160
26
413
513
30
539
267
252
148
482
346
443
188
334
50
123
292
40
394
57
20
8
31
328
591
105
68
169
573
456
532
598
169
42
251
388
569
232
326
332
132
391
482
159
179
424
399
132
45
586
469
471
219
136
88
68
452
360
58
42
175
62
118
520
433
2
120
8
448
540
565
376
566
353
336
354
393
439
473
151
277
237
281
477
359
143
101
183
220
396
544
54
446
78
344
588
452
280
507
191
75
302
290
581
375
4
358
44
292
461
393
558
462
66
476
242
372
589
596
440
263
329
135
353
247
154
160
94
497
75
283
453
0
349
111
385
423
505
569
105
423
208
289
312
383
363
111
263
19
171
428
123
58
422
226
316
10
249
595
466
311
184
185
121
351
167
366
88
217
494
486
367
419
372
320
292
435
580
35
382
231
209
262
207
213
175
455
450
106
443
461
152
216
134
365
377
592
54
285
441
161
184
272
569
472
543
497
291
203
261
319
444
286
210
199
103
88
206
382
265
317
560
467
141
329
342
458
259
251
147
403
128
117
52
17
478
422
412
341
402
97
585
325
480
15
308
596
544
279
102
110
392
521
431
5
418
494
321
596
543
527
297
462
50
208
410
497
343
142
101
470
170
558
173
270
290
16
462
60
297
46
486
508
545
521
394
464
235
190
431
580
564
118
389
91
36
328
235
540
442
184
0
542
294
218
248
381
51
294
342
475
123
241
595
178
534
193
394
540
188
92
503
168
71
16
367
325
588
115
116
442
38
7
368
79
35
511
506
23
430
323
386
87
309
476
571
225
8
341
381
98
272
478
80
55
274
453
82
140
524
491
441
4
270
469
522
405
307
124
553
212
517
375
135
271
509
335
239
24
429
258
395
589
333
55
308
379
480
224
527
162
386
38
250
144
67
220
395
148
407
494
430
465
193
221
38
365
190
127
491
518
428
96
363
547
81
247
483
165
295
461
6
371
242
301
446
154
19
205
466
310
183
246
218
127
250
339
89
344
176
467
345
453
296
548
197
123
109
600
389
135
188
556
232
537
109
98
545
197
103
283
355
222
2
532
182
414
397
35
461
299
149
455
118
104
181
152
49
34
311
210
200
174
515
87
243
415
270
162
529
441
221
557
525
414
197
96
424
276
71
562
255
597
226
82
289
567
312
128
139
67
498
171
207
456
374
471
380
553
273
464
510
42
325
599
398
460
439
199
50
83
219
394
416
494
597
307
325
77
89
270
161
154
553
181
225
328
374
132
24
49
451
328
518
254
230
538
396
519
