1000
0
0
0
2
2
3
4
4
4
5
6
6
6
6
7
7
8
8
8
8
8
9
9
10
10
11
12
14
15
15
16
16
16
17
18
18
19
19
20
20
20
22
22
23
23
24
24
24
24
26
27
27
28
29
30
31
31
32
34
35
35
35
35
36
36
36
38
38
38
39
40
40
41
42
42
42
44
44
45
45
45
45
46
46
49
49
50
50
50
51
51
52
52
52
52
53
54
54
54
55
55
55
57
57
58
58
60
61
62
62
63
65
65
66
67
67
67
67
68
68
69
71
71
71
71
71
74
75
75
76
77
77
77
77
78
79
79
80
80
80
81
82
82
83
83
86
87
87
88
88
88
88
88
89
89
89
89
91
91
92
92
94
96
96
96
96
97
97
97
98
98
101
101
101
102
103
103
104
104
105
105
106
107
108
109
109
110
111
111
112
114
115
115
115
116
117
118
118
118
120
121
123
123
123
123
124
125
126
127
127
128
128
128
129
130
132
132
132
132
134
134
135
135
135
135
135
136
136
137
138
139
139
140
140
141
141
142
143
144
145
145
146
146
147
147
148
148
148
148
149
149
149
150
151
151
151
152
152
154
154
154
154
154
155
157
157
157
158
158
159
159
160
160
160
160
161
161
162
162
163
163
164
165
165
166
166
166
167
168
169
169
169
169
170
171
171
172
173
174
174
175
175
175
176
176
176
176
176
178
179
181
181
182
183
183
184
184
184
185
186
188
188
188
190
190
191
191
191
193
193
193
193
195
196
196
197
197
197
198
198
199
199
199
199
200
202
203
205
205
206
207
207
207
207
207
208
208
209
210
210
210
212
213
213
215
215
216
216
217
218
218
218
218
219
219
220
220
220
221
221
222
222
223
224
225
225
225
226
226
226
229
230
231
231
232
232
232
232
233
234
235
235
237
238
239
240
241
241
242
242
243
243
245
246
247
247
247
247
248
248
249
250
250
250
251
251
252
254
255
257
258
259
260
261
261
262
262
262
263
263
265
266
267
267
268
268
269
270
270
270
270
270
271
272
272
273
273
274
276
276
276
276
277
277
277
277
277
279
279
280
281
281
283
283
283
284
284
284
285
286
286
289
289
289
290
290
291
292
292
292
292
294
294
294
295
295
296
297
297
299
300
301
302
303
304
305
306
307
307
308
308
309
309
310
310
310
311
311
312
312
314
316
317
319
319
320
321
321
323
323
323
323
324
325
325
325
325
325
325
325
325
326
326
326
326
326
327
327
328
328
328
328
329
329
329
329
330
331
331
332
333
334
334
335
335
336
339
341
341
341
341
342
342
343
344
344
344
344
344
345
346
346
349
351
352
352
352
352
353
353
354
355
356
356
358
358
359
360
361
361
362
362
363
363
364
364
364
364
365
365
366
367
367
368
368
368
369
371
371
372
372
374
374
374
375
375
376
376
376
377
377
379
379
380
381
381
382
382
382
382
382
383
383
384
385
385
385
386
386
386
386
387
387
388
388
389
389
389
391
392
392
393
393
394
394
394
394
394
395
395
396
396
397
397
398
399
399
401
402
402
403
405
407
410
411
412
413
413
414
414
415
416
418
419
421
422
422
423
423
424
424
424
426
426
428
428
428
429
430
430
431
431
432
433
435
436
437
438
439
439
439
439
440
441
441
441
442
442
442
443
443
443
443
444
444
444
446
446
446
448
449
450
451
452
452
452
453
453
453
453
455
455
456
456
456
458
458
460
461
461
461
461
462
462
462
462
462
464
464
465
465
466
466
467
467
467
467
468
468
469
469
470
471
471
471
471
472
473
473
474
475
476
476
476
477
477
477
478
478
478
479
480
480
480
482
482
483
484
485
486
486
486
488
488
490
491
491
491
491
492
493
494
494
494
494
496
496
497
497
497
497
498
498
501
502
503
503
503
504
505
506
506
507
507
508
509
509
509
510
511
511
512
513
513
513
513
515
516
516
517
518
518
518
519
519
519
520
520
521
521
521
522
524
525
526
527
527
528
529
529
530
532
532
533
534
534
535
535
537
538
538
538
539
540
540
540
542
542
543
543
543
544
544
545
545
545
545
545
547
548
548
548
549
549
551
552
553
553
553
553
553
554
555
556
556
556
556
556
557
558
558
560
562
562
562
564
564
565
565
565
566
567
569
569
569
571
572
572
573
573
574
575
575
578
579
579
579
580
580
581
581
582
582
584
585
585
585
586
587
588
588
588
588
589
589
591
591
591
591
592
592
594
594
595
595
595
596
596
596
597
597
597
598
598
599
599
599
599
600
600
