1000
1
2
3
4
5
6
7
8
9
10
12
12
12
13
15
15
16
18
18
19
19
20
20
22
22
23
24
26
26
27
27
28
28
30
30
31
31
33
34
34
34
39
40
41
41
42
42
42
43
44
44
44
46
46
46
48
49
50
51
52
52
56
56
58
59
64
64
65
65
66
70
71
71
72
73
73
74
74
75
75
75
76
76
77
79
83
83
84
85
85
86
86
86
88
88
90
91
91
91
91
93
95
96
96
96
97
97
98
98
100
100
100
101
102
102
103
106
109
109
109
110
111
112
112
113
113
114
114
115
115
119
120
120
121
122
122
122
123
123
125
125
126
126
126
127
129
130
130
131
133
134
136
136
136
138
139
141
143
144
145
146
147
148
149
150
150
151
152
153
155
156
157
157
160
161
162
163
163
164
165
165
167
167
167
168
171
172
172
173
175
175
177
178
178
178
178
179
179
179
180
181
181
181
182
183
183
183
183
184
184
186
186
188
190
191
192
194
194
195
197
197
198
198
198
201
203
203
204
204
206
206
206
206
207
208
208
208
208
210
211
213
213
214
214
216
218
220
221
222
223
227
227
228
228
228
229
233
234
235
237
239
239
240
242
245
246
246
247
247
248
251
251
252
252
253
253
254
255
257
258
259
259
259
261
262
262
262
263
264
265
266
266
267
267
267
268
269
270
271
272
272
273
277
278
278
280
280
281
281
282
284
285
286
289
289
290
290
291
293
294
295
295
297
297
298
298
298
298
300
301
302
302
303
304
308
309
310
310
310
310
311
315
316
318
318
319
319
320
321
325
327
327
327
329
329
329
330
330
332
332
333
334
336
337
337
340
342
344
345
346
346
347
348
349
350
351
352
355
356
356
357
359
359
361
362
363
364
365
367
368
369
371
373
373
373
373
374
375
376
377
382
382
384
386
386
388
388
389
391
391
393
396
398
398
399
399
399
400
400
402
403
404
404
405
407
411
411
411
412
412
413
414
414
415
416
419
419
421
422
422
425
426
427
428
428
428
429
431
433
434
436
437
438
439
441
441
442
447
448
449
452
453
454
454
458
462
462
462
465
465
469
469
470
471
471
471
472
472
473
475
475
476
477
479
481
482
482
483
484
487
487
488
488
489
490
491
491
492
493
493
494
494
495
495
497
497
498
499
499
499
499
501
501
501
502
503
505
509
511
512
512
512
512
513
514
515
515
515
517
517
517
518
521
521
521
522
523
524
524
525
526
527
527
527
530
532
532
535
536
537
537
543
544
546
547
547
548
548
551
551
551
552
553
553
555
555
556
557
557
557
557
557
558
559
559
560
560
560
563
564
564
566
568
570
570
571
571
572
572
573
574
574
576
576
577
577
577
580
580
581
581
581
582
584
585
585
586
588
589
590
590
591
592
594
594
597
597
598
598
598
600
600
604
605
606
609
611
614
615
617
618
618
618
620
621
623
623
624
625
627
632
633
633
633
634
634
635
635
636
637
639
639
641
641
642
642
642
643
644
644
645
646
647
650
651
652
654
654
654
655
655
655
658
658
659
659
660
661
661
664
664
664
665
665
666
667
667
667
670
671
672
673
675
677
679
679
681
682
682
683
684
687
689
690
691
694
695
695
695
696
697
699
701
702
703
703
703
704
705
705
705
706
707
709
710
711
712
713
713
713
713
714
714
715
715
716
719
719
723
725
725
725
726
728
728
730
731
731
733
734
734
735
736
737
739
739
739
739
740
742
742
743
743
743
746
746
749
749
750
752
754
757
757
757
758
760
760
760
763
763
763
764
767
770
772
772
773
777
778
778
779
782
782
783
784
784
785
785
786
787
791
791
792
793
793
794
795
795
795
796
796
797
798
798
799
799
801
802
804
804
805
805
806
806
808
808
808
810
812
814
816
816
817
817
817
819
820
821
821
823
826
827
830
830
831
839
839
841
843
843
845
845
846
846
846
846
848
848
849
849
849
854
854
856
857
858
858
858
858
858
860
861
861
864
865
865
865
867
867
867
871
871
874
877
877
877
877
878
883
885
885
888
889
892
893
893
893
894
895
896
897
898
898
898
900
901
902
905
907
908
911
912
913
915
916
917
917
919
919
919
919
919
923
923
923
923
924
926
926
928
928
931
933
934
934
936
936
937
938
939
939
940
940
940
941
943
945
945
947
947
947
948
949
949
949
950
950
950
953
954
957
957
958
961
961
962
964
965
965
967
967
968
969
969
970
972
973
973
981
981
981
982
983
984
984
984
987
988
988
990
990
990
991
994
995
995
997
998
999
999
