1000
913
822
202
544
982
713
491
547
131
210
951
708
878
599
265
263
833
918
692
824
364
720
856
686
390
560
688
732
246
185
250
268
651
377
317
368
572
998
121
175
298
100
216
432
569
104
43
493
133
803
119
543
906
182
126
426
107
63
969
621
484
262
707
41
211
726
945
947
177
203
110
264
111
380
907
228
787
45
331
119
226
565
125
876
855
30
427
126
378
326
671
82
796
641
821
956
486
817
115
951
945
347
740
52
144
919
293
101
753
284
631
783
43
85
379
674
674
668
363
487
797
826
293
693
353
840
299
207
22
52
413
821
271
76
129
766
679
520
64
663
47
919
521
466
124
889
699
838
5
228
12
895
962
998
79
866
175
933
330
536
840
838
797
52
112
912
286
906
450
820
706
133
856
644
470
29
865
901
140
564
700
210
928
764
835
230
810
231
644
269
598
65
921
112
7
334
343
324
770
860
147
990
110
444
616
461
330
851
422
275
671
271
396
657
244
129
750
319
345
734
665
549
363
560
35
704
725
543
64
124
496
232
200
651
801
32
812
335
105
336
671
962
330
332
761
7
308
153
581
764
392
235
805
655
260
864
12
674
885
253
729
564
491
43
731
589
350
157
408
966
294
48
304
811
432
535
70
118
652
602
614
306
379
763
233
320
630
126
158
473
66
722
140
176
704
159
618
155
569
318
87
142
86
583
797
364
725
108
567
204
503
808
692
932
959
498
828
428
397
668
895
97
801
123
165
364
915
82
192
342
430
199
997
755
773
850
162
353
541
606
857
11
35
661
538
902
559
772
383
855
533
0
65
406
268
355
321
332
184
367
96
853
706
6
431
673
87
843
811
117
549
881
912
720
98
399
182
301
919
316
849
5
538
708
586
30
841
111
715
355
218
162
272
361
800
789
361
996
983
296
76
740
784
155
279
447
105
408
491
660
324
599
508
825
927
902
941
954
723
163
864
559
278
511
203
184
948
1
78
631
754
244
857
395
819
870
555
644
523
182
108
56
521
928
124
521
905
889
717
776
439
898
331
978
480
643
645
269
554
741
467
608
364
339
558
221
616
950
295
979
93
644
855
924
338
237
910
391
748
697
64
803
768
153
425
370
916
264
673
397
895
46
491
241
817
562
39
246
413
192
247
296
604
270
343
460
227
871
990
73
556
75
169
168
234
163
14
65
597
84
989
131
14
352
371
912
621
899
152
547
694
408
377
647
570
937
128
629
265
645
687
961
420
201
491
330
521
166
213
924
681
562
4
332
635
54
214
879
763
259
998
263
301
706
799
387
643
391
838
50
487
369
661
868
722
65
964
405
314
4
842
927
810
718
706
347
507
301
689
651
432
351
59
927
664
817
29
714
165
790
413
312
105
352
869
678
192
901
407
422
712
737
642
806
93
524
971
780
281
824
503
672
8
554
820
222
786
210
864
966
850
576
577
810
283
325
779
236
883
3
208
809
551
370
961
893
141
57
171
164
361
61
277
874
855
408
206
889
647
65
443
893
567
131
54
141
90
501
538
119
422
239
571
808
932
115
610
136
152
879
582
38
880
550
462
69
217
685
91
874
204
161
595
105
544
986
256
891
841
892
975
62
879
939
563
425
17
184
138
979
696
244
328
47
864
975
119
669
969
782
48
464
260
391
899
15
425
66
11
691
549
166
85
956
800
148
550
352
156
708
972
577
498
355
885
498
367
6
684
910
532
101
922
765
643
238
904
907
757
589
819
726
888
470
297
685
862
295
71
16
441
596
221
712
330
24
361
715
137
492
184
331
46
592
819
173
734
884
134
729
217
777
500
803
328
328
94
420
45
518
346
965
658
220
400
738
131
575
392
23
952
584
263
410
778
850
233
844
223
50
880
133
617
456
258
755
184
322
193
631
232
719
339
484
149
519
578
756
419
380
518
577
562
12
190
629
670
150
446
735
948
759
915
939
873
456
953
644
781
374
893
144
708
613
390
320
405
514
278
835
692
276
63
366
58
717
25
818
812
403
960
113
233
117
986
30
476
212
29
473
778
289
223
444
357
621
352
574
111
416
265
673
651
329
904
353
133
759
883
979
545
546
738
231
80
441
345
380
280
89
891
279
419
486
258
504
295
945
403
881
502
742
31
971
3
841
851
310
365
269
249
573
305
760
47
764
935
46
301
672
359
505
917
985
892
578
107
310
798
190
20
349
590
304
811
773
730
623
237
34
464
340
382
996
975
306
13
581
457
554
210
237
670
905
944
852
962
665
734
579
589
225
863
255
411
274
657
683
938
879
