1000
572
518
586
237
567
196
977
389
979
442
976
106
19
903
573
26
364
684
353
665
491
255
341
811
758
907
537
935
507
249
787
331
932
213
781
734
428
591
639
558
940
667
203
407
414
816
304
940
723
266
974
133
984
477
737
893
546
583
560
446
306
39
348
203
252
240
734
114
665
108
497
189
261
743
831
28
99
690
656
104
476
991
356
886
782
496
2
926
601
847
697
815
157
33
547
352
191
4
794
94
418
57
91
901
346
472
303
405
692
792
839
515
82
711
728
952
611
28
964
394
38
662
688
741
878
904
189
414
105
77
309
820
307
682
511
211
857
564
270
678
303
302
995
80
890
942
939
48
537
77
508
239
958
82
905
86
763
59
652
337
552
359
83
10
64
402
851
507
299
645
97
820
479
929
792
933
895
352
124
944
966
833
701
783
972
974
191
357
511
19
662
772
701
693
391
530
286
717
186
112
358
592
620
210
216
524
592
348
990
713
765
382
492
505
963
214
437
989
943
63
174
622
606
267
694
85
807
442
903
543
792
151
838
809
874
59
421
484
89
857
859
380
491
277
617
683
619
114
565
677
533
654
891
943
401
692
903
369
117
429
888
46
602
92
806
228
321
973
196
612
854
433
784
775
522
361
840
738
415
53
703
704
365
464
820
803
314
177
835
79
925
448
141
251
483
554
299
93
907
540
104
120
652
936
572
924
766
415
92
523
77
779
975
243
178
287
316
357
445
926
783
113
477
117
442
572
519
742
464
927
573
890
373
333
373
394
81
881
755
801
963
49
417
233
386
691
562
73
495
786
998
897
334
661
511
570
236
404
763
676
138
640
778
628
439
286
327
10
116
792
60
613
312
288
774
387
860
842
415
89
217
845
674
356
221
573
865
745
941
928
874
975
692
698
584
855
602
976
262
189
336
86
182
694
975
197
775
677
928
349
398
956
982
386
147
3
623
230
636
200
746
691
344
516
19
499
161
502
786
558
332
990
57
535
453
864
100
900
723
850
594
688
202
212
306
166
208
99
457
676
343
250
816
394
961
102
842
565
746
989
875
733
399
898
4
503
356
23
682
351
939
167
16
998
49
582
361
492
610
504
935
75
509
147
737
399
154
419
110
717
671
264
873
599
898
485
965
890
329
159
735
332
213
848
595
549
765
239
279
161
607
542
108
663
425
664
34
265
110
829
715
296
300
331
864
531
649
274
919
260
454
420
302
87
276
40
953
368
571
762
704
712
714
848
108
795
352
227
216
177
57
864
644
296
228
866
388
274
57
150
479
256
160
19
995
547
892
684
958
330
263
99
376
197
799
323
244
901
54
522
349
358
743
561
221
394
796
154
561
427
821
429
520
964
459
919
546
300
986
79
518
49
804
758
315
397
947
491
792
991
551
360
951
353
781
540
499
161
272
166
427
79
705
602
55
850
610
876
879
215
377
518
11
343
208
111
613
363
161
483
587
855
670
649
920
904
766
877
74
243
180
130
182
780
874
619
591
952
371
614
270
567
797
269
260
217
821
339
898
708
437
672
665
919
112
521
790
926
814
959
533
947
59
666
502
485
802
777
213
232
440
129
715
177
515
864
539
419
664
20
871
219
563
925
999
556
665
148
795
768
266
7
273
629
427
874
984
415
295
347
77
167
733
705
570
584
109
34
132
209
765
664
862
812
808
216
985
891
285
775
597
713
45
760
873
844
702
342
926
845
77
75
402
817
784
651
232
104
929
880
692
63
191
754
652
924
927
442
26
158
567
900
895
278
723
479
562
757
449
643
101
916
134
85
696
586
500
337
367
406
515
109
966
417
899
566
829
534
948
778
871
162
845
401
804
402
297
336
647
853
231
267
641
263
344
303
420
230
996
369
372
725
997
454
95
923
109
152
294
223
148
354
43
986
25
81
74
617
777
783
797
902
966
940
135
722
254
443
178
681
789
702
27
306
469
143
627
985
497
909
657
970
985
527
323
860
944
696
820
280
737
831
935
701
520
961
25
914
685
533
461
399
931
948
841
16
326
268
989
638
379
495
492
284
881
652
378
811
165
298
990
74
965
772
226
598
882
742
165
138
136
763
753
907
281
168
368
595
581
560
257
936
654
100
121
15
120
862
741
290
110
979
52
468
535
532
377
437
224
431
597
151
235
631
59
675
76
900
501
192
148
639
397
673
335
999
853
210
481
465
936
775
757
416
521
313
773
569
737
110
221
393
863
12
66
117
567
993
97
446
509
954
457
335
666
398
242
164
165
750
239
809
710
92
383
868
843
821
554
584
